date,areaName,areaCode,hospitalCases,newAdmissions,newCasesBySpecimenDate,newDeaths28DaysByDeathDate,newPillarTwoTestsByPublishDate,newDeaths28DaysByPublishDate,newPillarOneTestsByPublishDate,newCasesLFDConfirmedPCRBySpecimenDate,newCasesPCROnlyBySpecimenDate,newPCRTestsByPublishDate,newLFDTests,newCasesLFDOnlyBySpecimenDate,cumPeopleVaccinatedSecondDoseByPublishDate,newCasesByPublishDate,covidOccupiedMVBeds
2023-11-20,Northern Ireland,N92000002,36,0,,,,,,,,,,,,,
2023-11-19,Northern Ireland,N92000002,40,1,,,,,,,,,,,,,
2023-11-18,Northern Ireland,N92000002,41,3,,,,,,,,,,,,,
2023-11-17,Northern Ireland,N92000002,42,1,,,,,,,,,,,,,
2023-11-16,Northern Ireland,N92000002,46,2,,,,,,,,,,,,,
2023-11-15,Northern Ireland,N92000002,45,3,,,,,,,,,,,,,
2023-11-14,Northern Ireland,N92000002,45,5,,,,,,,,,,,,,
2023-11-13,Northern Ireland,N92000002,51,3,,,,,,,,,,,,,
2023-11-12,Northern Ireland,N92000002,52,3,,,,,,,,,,,,,
2023-11-11,Northern Ireland,N92000002,53,1,,,,,,,,,,,,,
2023-11-10,Northern Ireland,N92000002,55,4,,,,,,,,,,,,,
2023-11-09,Northern Ireland,N92000002,57,1,,,,,,,,,,,,,
2023-11-08,Northern Ireland,N92000002,59,9,,,,,,,,,,,,,
2023-11-07,Northern Ireland,N92000002,54,6,,,,,,,,,,,,,
2023-11-06,Northern Ireland,N92000002,57,5,,,,,,,,,,,,,
2023-11-05,Northern Ireland,N92000002,57,4,,,,,,,,,,,,,
2023-11-04,Northern Ireland,N92000002,57,5,,,,,,,,,,,,,
2023-11-03,Northern Ireland,N92000002,55,5,,,,,,,,,,,,,
2023-11-02,Northern Ireland,N92000002,53,3,,,,,,,,,,,,,
2023-11-01,Northern Ireland,N92000002,60,3,,,,,,,,,,,,,
2023-10-31,Northern Ireland,N92000002,64,11,,,,,,,,,,,,,
2023-10-30,Northern Ireland,N92000002,63,5,,,,,,,,,,,,,
2023-10-29,Northern Ireland,N92000002,72,3,,,,,,,,,,,,,
2023-10-28,Northern Ireland,N92000002,69,5,,,,,,,,,,,,,
2023-10-27,Northern Ireland,N92000002,68,5,,,,,,,,,,,,,
2023-10-26,Northern Ireland,N92000002,77,6,,,,,,,,,,,,,
2023-10-25,Northern Ireland,N92000002,76,10,,,,,,,,,,,,,
2023-10-24,Northern Ireland,N92000002,72,7,,,,,,,,,,,,,
2023-10-23,Northern Ireland,N92000002,80,9,,,,,,,,,,,,,
2023-10-22,Northern Ireland,N92000002,81,8,,,,,,,,,,,,,
2023-10-21,Northern Ireland,N92000002,81,5,,,,,,,,,,,,,
2023-10-20,Northern Ireland,N92000002,80,7,,,,,,,,,,,,,
2023-10-19,Northern Ireland,N92000002,81,4,,,,,,,,,,,,,
2023-10-18,Northern Ireland,N92000002,87,9,,,,,,,,,,,,,
2023-10-17,Northern Ireland,N92000002,86,10,,,,,,,,,,,,,
2023-10-16,Northern Ireland,N92000002,92,11,,,,,,,,,,,,,
2023-10-15,Northern Ireland,N92000002,97,10,,,,,,,,,,,,,
2023-10-14,Northern Ireland,N92000002,92,4,,,,,,,,,,,,,
2023-10-13,Northern Ireland,N92000002,91,3,,,,,,,,,,,,,
2023-10-12,Northern Ireland,N92000002,96,7,,,,,,,,,,,,,
2023-10-11,Northern Ireland,N92000002,101,13,,,,,,,,,,,,,
2023-10-10,Northern Ireland,N92000002,99,8,,,,,,,,,,,,,
2023-10-09,Northern Ireland,N92000002,102,12,,,,,,,,,,,,,
2023-10-08,Northern Ireland,N92000002,103,5,,,,,,,,,,,,,
2023-10-07,Northern Ireland,N92000002,102,8,,,,,,,,,,,,,
2023-10-06,Northern Ireland,N92000002,103,13,,,,,,,,,,,,,
2023-10-05,Northern Ireland,N92000002,101,13,,,,,,,,,,,,,
2023-10-04,Northern Ireland,N92000002,98,10,,,,,,,,,,,,,
2023-10-03,Northern Ireland,N92000002,104,17,,,,,,,,,,,,,
2023-10-02,Northern Ireland,N92000002,95,10,,,,,,,,,,,,,
2023-10-01,Northern Ireland,N92000002,95,7,,,,,,,,,,,,,
2023-09-30,Northern Ireland,N92000002,89,10,,,,,,,,,,,,,
2023-09-29,Northern Ireland,N92000002,82,10,,,,,,,,,,,,,
2023-09-28,Northern Ireland,N92000002,82,11,,,,,,,,,,,,,
2023-09-27,Northern Ireland,N92000002,79,12,,,,,,,,,,,,,
2023-09-26,Northern Ireland,N92000002,78,10,,,,,,,,,,,,,
2023-09-25,Northern Ireland,N92000002,80,6,,,,,,,,,,,,,
2023-09-24,Northern Ireland,N92000002,91,10,,,,,,,,,,,,,
2023-09-23,Northern Ireland,N92000002,86,10,,,,,,,,,,,,,
2023-09-22,Northern Ireland,N92000002,84,10,,,,,,,,,,,,,
2023-09-21,Northern Ireland,N92000002,83,8,,,,,,,,,,,,,
2023-09-20,Northern Ireland,N92000002,82,8,,,,,,,,,,,,,
2023-09-19,Northern Ireland,N92000002,88,8,,,,,,,,,,,,,
2023-09-18,Northern Ireland,N92000002,99,14,,,,,,,,,,,,,
2023-09-17,Northern Ireland,N92000002,97,8,,,,,,,,,,,,,
2023-09-16,Northern Ireland,N92000002,91,14,,,,,,,,,,,,,
2023-09-15,Northern Ireland,N92000002,79,7,,,,,,,,,,,,,
2023-09-14,Northern Ireland,N92000002,83,11,,,,,,,,,,,,,
2023-09-13,Northern Ireland,N92000002,82,7,,,,,,,,,,,,,
2023-09-12,Northern Ireland,N92000002,88,11,,,,,,,,,,,,,
2023-09-11,Northern Ireland,N92000002,86,8,,,,,,,,,,,,,
2023-09-10,Northern Ireland,N92000002,87,10,,,,,,,,,,,,,
2023-09-09,Northern Ireland,N92000002,86,9,,,,,,,,,,,,,
2023-09-08,Northern Ireland,N92000002,85,11,,,,,,,,,,,,,
2023-09-07,Northern Ireland,N92000002,85,11,,,,,,,,,,,,,
2023-09-06,Northern Ireland,N92000002,84,6,,,,,,,,,,,,,
2023-09-05,Northern Ireland,N92000002,94,18,,,,,,,,,,,,,
2023-09-04,Northern Ireland,N92000002,89,8,,,,,,,,,,,,,
2023-09-03,Northern Ireland,N92000002,92,11,,,,,,,,,,,,,
2023-09-02,Northern Ireland,N92000002,84,7,,,,,,,,,,,,,
2023-09-01,Northern Ireland,N92000002,80,14,,,,,,,,,,,,,
2023-08-31,Northern Ireland,N92000002,79,9,,,,,,,,,,,,,
2023-08-30,Northern Ireland,N92000002,83,5,,,,,,,,,,,,,
2023-08-29,Northern Ireland,N92000002,89,15,,,,,,,,,,,,,
2023-08-28,Northern Ireland,N92000002,86,12,,,,,,,,,,,,,
2023-08-27,Northern Ireland,N92000002,85,4,,,,,,,,,,,,,
2023-08-26,Northern Ireland,N92000002,88,6,,,,,,,,,,,,,
2023-08-25,Northern Ireland,N92000002,86,9,,,,,,,,,,,,,
2023-08-24,Northern Ireland,N92000002,90,3,,,,,,,,,,,,,
2023-08-23,Northern Ireland,N92000002,100,17,,,,,,,,,,,,,
2023-08-22,Northern Ireland,N92000002,101,17,,,,,,,,,,,,,
2023-08-21,Northern Ireland,N92000002,93,15,,,,,,,,,,,,,
2023-08-20,Northern Ireland,N92000002,95,9,,,,,,,,,,,,,
2023-08-19,Northern Ireland,N92000002,95,12,,,,,,,,,,,,,
2023-08-18,Northern Ireland,N92000002,93,14,,,,,,,,,,,,,
2023-08-17,Northern Ireland,N92000002,92,15,,,,,,,,,,,,,
2023-08-16,Northern Ireland,N92000002,91,10,,,,,,,,,,,,,
2023-08-15,Northern Ireland,N92000002,96,15,,,,,,,,,,,,,
2023-08-14,Northern Ireland,N92000002,94,15,,,,,,,,,,,,,
2023-08-13,Northern Ireland,N92000002,89,14,,,,,,,,,,,,,
2023-08-12,Northern Ireland,N92000002,78,7,,,,,,,,,,,,,
2023-08-11,Northern Ireland,N92000002,77,14,,,,,,,,,,,,,
2023-08-10,Northern Ireland,N92000002,74,16,,,,,,,,,,,,,
2023-08-09,Northern Ireland,N92000002,72,13,,,,,,,,,,,,,
2023-08-08,Northern Ireland,N92000002,70,13,,,,,,,,,,,,,
2023-08-07,Northern Ireland,N92000002,68,19,,,,,,,,,,,,,
2023-08-06,Northern Ireland,N92000002,61,7,,,,,,,,,,,,,
2023-08-05,Northern Ireland,N92000002,59,7,,,,,,,,,,,,,
2023-08-04,Northern Ireland,N92000002,58,5,,,,,,,,,,,,,
2023-08-03,Northern Ireland,N92000002,69,12,,,,,,,,,,,,,
2023-08-02,Northern Ireland,N92000002,66,15,,,,,,,,,,,,,
2023-08-01,Northern Ireland,N92000002,61,13,,,,,,,,,,,,,
2023-07-31,Northern Ireland,N92000002,55,11,,,,,,,,,,,,,
2023-07-30,Northern Ireland,N92000002,52,11,,,,,,,,,,,,,
2023-07-29,Northern Ireland,N92000002,44,3,,,,,,,,,,,,,
2023-07-28,Northern Ireland,N92000002,46,9,,,,,,,,,,,,,
2023-07-27,Northern Ireland,N92000002,43,7,,,,,,,,,,,,,
2023-07-26,Northern Ireland,N92000002,46,9,,,,,,,,,,,,,
2023-07-25,Northern Ireland,N92000002,42,6,,,,,,,,,,,,,
2023-07-24,Northern Ireland,N92000002,44,8,,,,,,,,,,,,,
2023-07-23,Northern Ireland,N92000002,41,5,,,,,,,,,,,,,
2023-07-22,Northern Ireland,N92000002,39,4,,,,,,,,,,,,,
2023-07-21,Northern Ireland,N92000002,39,5,,,,,,,,,,,,,
2023-07-20,Northern Ireland,N92000002,38,5,,,,,,,,,,,,,
2023-07-19,Northern Ireland,N92000002,38,5,,,,,,,,,,,,,
2023-07-18,Northern Ireland,N92000002,41,6,,,,,,,,,,,,,
2023-07-17,Northern Ireland,N92000002,39,6,,,,,,,,,,,,,
2023-07-16,Northern Ireland,N92000002,40,8,,,,,,,,,,,,,
2023-07-15,Northern Ireland,N92000002,34,1,,,,,,,,,,,,,
2023-07-14,Northern Ireland,N92000002,34,3,,,,,,,,,,,,,
2023-07-13,Northern Ireland,N92000002,34,4,,,,,,,,,,,,,
2023-07-12,Northern Ireland,N92000002,35,1,,,,,,,,,,,1361003,,
2023-07-11,Northern Ireland,N92000002,36,5,,,,,,,,,,,1361003,,
2023-07-10,Northern Ireland,N92000002,34,5,,,,,,,,,,,1361001,,
2023-07-09,Northern Ireland,N92000002,33,2,,,,,,,,,,,1361000,,
2023-07-08,Northern Ireland,N92000002,32,3,,,,,,,,,,,1360994,,
2023-07-07,Northern Ireland,N92000002,32,6,,,,,,,,,,,1360994,,
2023-07-06,Northern Ireland,N92000002,29,1,,,,,,,,,,,1360994,,
2023-07-05,Northern Ireland,N92000002,31,4,,,,,,,,,,,1360995,,
2023-07-04,Northern Ireland,N92000002,30,6,,,,,,,,,,,1360993,,
2023-07-03,Northern Ireland,N92000002,26,2,,,,,,,,,,,1360992,,
2023-07-02,Northern Ireland,N92000002,28,0,,,,,,,,,,,1360992,,
2023-07-01,Northern Ireland,N92000002,28,0,,,,,,,,,,,1360998,,
2023-06-30,Northern Ireland,N92000002,28,0,,,,,,,,,,,1360997,,
2023-06-29,Northern Ireland,N92000002,30,1,,,,,,,,,,,1360987,,
2023-06-28,Northern Ireland,N92000002,33,2,,,,,,,,,,,1360987,,
2023-06-27,Northern Ireland,N92000002,33,1,,,,,,,,,,,1360986,,
2023-06-26,Northern Ireland,N92000002,36,2,,,,,,,,,,,1360985,,
2023-06-25,Northern Ireland,N92000002,36,2,,,,,,,,,,,1360985,,
2023-06-24,Northern Ireland,N92000002,36,1,,,,,,,,,,,1360984,,
2023-06-23,Northern Ireland,N92000002,36,2,,,,,,,,,,,1360966,,
2023-06-22,Northern Ireland,N92000002,41,2,,,,,,,,,,,1360966,,
2023-06-21,Northern Ireland,N92000002,42,5,,,,,,,,,,,1360966,,
2023-06-20,Northern Ireland,N92000002,39,1,,,,,,,,,,,1360966,,
2023-06-19,Northern Ireland,N92000002,43,3,,,,,,,,,,,1360965,,
2023-06-18,Northern Ireland,N92000002,46,2,,,,,,,,,,,1360961,,
2023-06-17,Northern Ireland,N92000002,44,2,,,,,,,,,,,1360959,,
2023-06-16,Northern Ireland,N92000002,44,4,,,,,,,,,,,1360957,,
2023-06-15,Northern Ireland,N92000002,48,1,,,,,,,,,,,1360957,,
2023-06-14,Northern Ireland,N92000002,53,7,,,,,,,,,,,1360957,,
2023-06-13,Northern Ireland,N92000002,50,5,,,,,,,,,,,1360957,,
2023-06-12,Northern Ireland,N92000002,52,6,,,,,,,,,,,1360954,,
2023-06-11,Northern Ireland,N92000002,49,2,,,,,,,,,,,1360953,,
2023-06-10,Northern Ireland,N92000002,47,4,,,,,,,,,,,1360952,,
2023-06-09,Northern Ireland,N92000002,46,3,,,,,,,,,,,1360945,,
2023-06-08,Northern Ireland,N92000002,48,4,,,,,,,,,,,1360947,,
2023-06-07,Northern Ireland,N92000002,49,4,,,,,,,,,,,1360953,,
2023-06-06,Northern Ireland,N92000002,49,4,,,,,,,,,,,1360952,,
2023-06-05,Northern Ireland,N92000002,49,6,,,,,,,,,,,1360951,,
2023-06-04,Northern Ireland,N92000002,48,3,,,,,,,,,,,1360951,,
2023-06-03,Northern Ireland,N92000002,45,3,,,,,,,,,,,1360954,,
2023-06-02,Northern Ireland,N92000002,47,0,,,,,,,,,,,1360947,,
2023-06-01,Northern Ireland,N92000002,54,3,,,,,,,,,,,1360947,,
2023-05-31,Northern Ireland,N92000002,55,5,,,,,,,,,,,1360947,,
2023-05-30,Northern Ireland,N92000002,55,5,,,,,,,,,,,1360946,,
2023-05-29,Northern Ireland,N92000002,58,4,,,,,,,,,,,1360944,,
2023-05-28,Northern Ireland,N92000002,60,9,,,,,,,,,,,1360944,,
2023-05-27,Northern Ireland,N92000002,55,3,,,,,,,,,,,1360943,,
2023-05-26,Northern Ireland,N92000002,58,5,,,,,,,,,,,1360935,,
2023-05-25,Northern Ireland,N92000002,63,7,,,,,,,,,,,1360933,,
2023-05-24,Northern Ireland,N92000002,67,7,,,,,,,,,,,1360931,,
2023-05-23,Northern Ireland,N92000002,68,7,,,,,,,,,,,1360930,,
2023-05-22,Northern Ireland,N92000002,67,4,,,,,,,,,,,1360932,,
2023-05-21,Northern Ireland,N92000002,70,2,,,,,,,,,,,1360934,,
2023-05-20,Northern Ireland,N92000002,73,7,,,,,,,,,,,1360930,,
2023-05-19,Northern Ireland,N92000002,71,5,,,,,,,,,,,1360923,,
2023-05-18,Northern Ireland,N92000002,74,10,,,,,,,,,,,1360917,,
2023-05-17,Northern Ireland,N92000002,71,1,,,,,,,,,,,1360917,,
2023-05-16,Northern Ireland,N92000002,82,8,,,,,,,,,,,1360917,,
2023-05-15,Northern Ireland,N92000002,83,5,,,,,,,,,,,1360915,,
2023-05-14,Northern Ireland,N92000002,88,6,,,,,,,,,,,1360910,,
2023-05-13,Northern Ireland,N92000002,89,7,,,,,,,,,,,1360915,,
2023-05-12,Northern Ireland,N92000002,90,10,,,,,,,,,,,1360911,,
2023-05-11,Northern Ireland,N92000002,91,9,,,,,,,,,,,1360909,,
2023-05-10,Northern Ireland,N92000002,86,10,,,,,,,,,,,1360909,,
2023-05-09,Northern Ireland,N92000002,86,5,,,,,,,,,,,1360908,,
2023-05-08,Northern Ireland,N92000002,89,7,,,,,,,,,,,1360895,,
2023-05-07,Northern Ireland,N92000002,86,7,,,,,,,,,,,1360893,,
2023-05-06,Northern Ireland,N92000002,83,6,,,,,,,,,,,1360887,,
2023-05-05,Northern Ireland,N92000002,80,8,,,,,,,,,,,1360871,,
2023-05-04,Northern Ireland,N92000002,80,4,,,,,,,,,,,1360869,,
2023-05-03,Northern Ireland,N92000002,87,4,,,,,,,,,,,1360824,,
2023-05-02,Northern Ireland,N92000002,93,3,,,,,,,,,,,1360785,,
2023-05-01,Northern Ireland,N92000002,101,6,,,,,,,,,,,1360785,,
2023-04-30,Northern Ireland,N92000002,101,7,,,,,,,,,,,1360782,,
2023-04-29,Northern Ireland,N92000002,99,10,,,,,,,,,,,1360769,,
2023-04-28,Northern Ireland,N92000002,94,10,,,,,,,,,,,1360762,,
2023-04-27,Northern Ireland,N92000002,97,9,,,,,,,,,,,1360725,,
2023-04-26,Northern Ireland,N92000002,100,9,,,,,,,,,,,1360720,,
2023-04-25,Northern Ireland,N92000002,99,9,,,,,,,,,,,1360706,,
2023-04-24,Northern Ireland,N92000002,101,11,,,,,,,,,,,1360696,,
2023-04-23,Northern Ireland,N92000002,109,6,,,,,,,,,,,1360693,,
2023-04-22,Northern Ireland,N92000002,106,7,,,,,,,,,,,1360690,,
2023-04-21,Northern Ireland,N92000002,103,8,,,,,,,,,,,1360674,,
2023-04-20,Northern Ireland,N92000002,107,11,,,,,,,,,,,1360670,,
2023-04-19,Northern Ireland,N92000002,106,6,,,,,,,,,,,1360668,,
2023-04-18,Northern Ireland,N92000002,111,10,,,,,,,,,,,1360667,,
2023-04-17,Northern Ireland,N92000002,117,16,,,,,,,,,,,1360666,,
2023-04-16,Northern Ireland,N92000002,116,14,,,,,,,,,,,1360663,,
2023-04-15,Northern Ireland,N92000002,104,6,,,,,,,,,,,1360662,,
2023-04-14,Northern Ireland,N92000002,106,12,,,,,,,,,,,1360648,,
2023-04-13,Northern Ireland,N92000002,114,9,,,,,,,,,,,1360646,,
2023-04-12,Northern Ireland,N92000002,118,11,,,,,,,,,,,1360639,,
2023-04-11,Northern Ireland,N92000002,127,7,,,,,,,,,,,1360633,,
2023-04-10,Northern Ireland,N92000002,128,13,,,,,,,,,,,1360633,,
2023-04-09,Northern Ireland,N92000002,123,12,,,,,,,,,,,1360633,,
2023-04-08,Northern Ireland,N92000002,120,16,,,,,,,,,,,1360632,,
2023-04-07,Northern Ireland,N92000002,112,21,,,,,,,,,,,1360628,,
2023-04-06,Northern Ireland,N92000002,111,10,,,,,,,,,,,1360620,,
2023-04-05,Northern Ireland,N92000002,111,13,,,,,,,,,,,1360613,,
2023-04-04,Northern Ireland,N92000002,114,15,,,,,,,,,,,1360610,,
2023-04-03,Northern Ireland,N92000002,117,16,,,,,,,,,,,1360607,,
2023-04-02,Northern Ireland,N92000002,112,13,,,,,,,,,,,1360601,,
2023-04-01,Northern Ireland,N92000002,101,11,,,,,,,,,,,1360597,,
2023-03-31,Northern Ireland,N92000002,100,10,,,,,,,,,,,1360587,,
2023-03-30,Northern Ireland,N92000002,109,13,,,,,,,,,,,1360586,,
2023-03-29,Northern Ireland,N92000002,113,15,,,,,,,,,,,1360581,,
2023-03-28,Northern Ireland,N92000002,112,16,,,,,,,,,,,1360579,,
2023-03-27,Northern Ireland,N92000002,103,13,,,,,,,,,,,1360571,,
2023-03-26,Northern Ireland,N92000002,105,11,,,,,,,,,,,1360566,,
2023-03-25,Northern Ireland,N92000002,97,10,,,,,,,,,,,1360565,,
2023-03-24,Northern Ireland,N92000002,101,16,,,,,,,,,,,1360550,,
2023-03-23,Northern Ireland,N92000002,103,19,,,,,,,,,,,1360540,,
2023-03-22,Northern Ireland,N92000002,97,11,,,,,,,,,,,1360538,,
2023-03-21,Northern Ireland,N92000002,95,21,,,,,,,,,,,1360527,,
2023-03-20,Northern Ireland,N92000002,87,13,,,,,,,,,,,1360521,,
2023-03-19,Northern Ireland,N92000002,84,14,,,,,,,,,,,1360510,,
2023-03-18,Northern Ireland,N92000002,77,13,,,,,,,,,,,1360496,,
2023-03-17,Northern Ireland,N92000002,71,8,,,,,,,,,,,1360496,,
2023-03-16,Northern Ireland,N92000002,72,12,,,,,,,,,,,1360496,,
2023-03-15,Northern Ireland,N92000002,75,9,,,,,,,,,,,1360494,,
2023-03-14,Northern Ireland,N92000002,77,10,,,,,,,,,,,1360494,,
2023-03-13,Northern Ireland,N92000002,72,10,,,,,,,,,,,1360485,,
2023-03-12,Northern Ireland,N92000002,69,4,,,,,,,,,,,1360482,,
2023-03-11,Northern Ireland,N92000002,70,7,,,,,,,,,,,1360480,,
2023-03-10,Northern Ireland,N92000002,71,8,,,,,,,,,,,1360456,,
2023-03-09,Northern Ireland,N92000002,73,8,,,,,,,,,,,1360456,,
2023-03-08,Northern Ireland,N92000002,72,10,,,,,,,,,,,1360453,,
2023-03-07,Northern Ireland,N92000002,80,7,,,,,,,,,,,1360447,,
2023-03-06,Northern Ireland,N92000002,78,7,,,,,,,,,,,1360438,,
2023-03-05,Northern Ireland,N92000002,78,6,,,,,,,,,,,1360432,,
2023-03-04,Northern Ireland,N92000002,77,6,,,,,,,,,,,1360436,,
2023-03-03,Northern Ireland,N92000002,76,12,,,,,,,,,,,1360422,,
2023-03-02,Northern Ireland,N92000002,68,4,,,,,,,,,,,1360420,,
2023-03-01,Northern Ireland,N92000002,68,7,,,,,,,,,,,1360415,,
2023-02-28,Northern Ireland,N92000002,69,6,,,,,,,,,,,1360406,,
2023-02-27,Northern Ireland,N92000002,67,5,,,,,,,,,,,1360389,,
2023-02-26,Northern Ireland,N92000002,69,3,,,,,,,,,,,1360387,,
2023-02-25,Northern Ireland,N92000002,69,7,,,,,,,,,,,1360381,,
2023-02-24,Northern Ireland,N92000002,68,7,,,,,,,,,,,1360366,,
2023-02-23,Northern Ireland,N92000002,76,4,,,,,,,,,,,1360361,,
2023-02-22,Northern Ireland,N92000002,82,4,,,,,,,,,,,1360358,,
2023-02-21,Northern Ireland,N92000002,88,5,,,,,,,,,,,1360353,,
2023-02-20,Northern Ireland,N92000002,96,4,,,,,,,,,,,1360351,,
2023-02-19,Northern Ireland,N92000002,104,2,,,,,,,,,,,1360343,,
2023-02-18,Northern Ireland,N92000002,105,8,,,,,,,,,,,1360346,,
2023-02-17,Northern Ireland,N92000002,103,6,,,,,,,,,,,1360327,,
2023-02-16,Northern Ireland,N92000002,105,7,,,,,,,,,,,1360323,,
2023-02-15,Northern Ireland,N92000002,108,6,,,,,,,,,,,1360314,,
2023-02-14,Northern Ireland,N92000002,112,10,,,,,,,,,,,1360310,,
2023-02-13,Northern Ireland,N92000002,116,7,,,,,,,,,,,1360307,,
2023-02-12,Northern Ireland,N92000002,111,7,,,,,,,,,,,1360302,,
2023-02-11,Northern Ireland,N92000002,107,7,,,,,,,,,,,1360300,,
2023-02-10,Northern Ireland,N92000002,103,5,,,,,,,,,,,1360282,,
2023-02-09,Northern Ireland,N92000002,113,8,,,,,,,,,,,1360281,,
2023-02-08,Northern Ireland,N92000002,116,6,,,,,,,,,,,1360275,,
2023-02-07,Northern Ireland,N92000002,119,5,,,,,,,,,,,1360272,,
2023-02-06,Northern Ireland,N92000002,118,7,,,,,,,,,,,1360269,,
2023-02-05,Northern Ireland,N92000002,121,4,,,,,,,,,,,1360264,,
2023-02-04,Northern Ireland,N92000002,121,7,,,,,,,,,,,1360358,,
2023-02-03,Northern Ireland,N92000002,120,9,,,,,,,,,,,1360243,,
2023-02-02,Northern Ireland,N92000002,117,6,,,,,,,,,,,1360240,,
2023-02-01,Northern Ireland,N92000002,125,4,,,,,,,,,,,1360236,,
2023-01-31,Northern Ireland,N92000002,129,7,,,,,,,,,,,1360232,,
2023-01-30,Northern Ireland,N92000002,130,10,,,,,,,,,,,1360216,,
2023-01-29,Northern Ireland,N92000002,131,5,,,,,,,,,,,1360215,,
2023-01-28,Northern Ireland,N92000002,126,2,,,,,,,,,,,1360209,,
2023-01-27,Northern Ireland,N92000002,128,3,,,,,,,,,,,1360185,,
2023-01-26,Northern Ireland,N92000002,132,7,,,,,,,,,,,1360181,,
2023-01-25,Northern Ireland,N92000002,132,8,,,,,,,,,,,1360178,,
2023-01-24,Northern Ireland,N92000002,135,7,,,,,,,,,,,1360170,,
2023-01-23,Northern Ireland,N92000002,135,5,,,,,,,,,,,1360159,,
2023-01-22,Northern Ireland,N92000002,143,3,,,,,,,,,,,1360153,,
2023-01-21,Northern Ireland,N92000002,143,4,,,,,,,,,,,1360148,,
2023-01-20,Northern Ireland,N92000002,141,7,,,,,,,,,,,1360114,,
2023-01-19,Northern Ireland,N92000002,154,5,,,,,,,,,,,1360107,,
2023-01-18,Northern Ireland,N92000002,169,9,,,,,,,,,,,1360107,,
2023-01-17,Northern Ireland,N92000002,181,13,,,,,,,,,,,1360107,,
2023-01-16,Northern Ireland,N92000002,190,13,,,,,,,,,,,1360082,,
2023-01-15,Northern Ireland,N92000002,195,11,,,,,,,,,,,1360076,,
2023-01-14,Northern Ireland,N92000002,198,14,,,,,,,,,,,1360068,,
2023-01-13,Northern Ireland,N92000002,201,18,,,,,,,,,,,1360036,,
2023-01-12,Northern Ireland,N92000002,213,17,,,,,,,,,,,1360019,,
2023-01-11,Northern Ireland,N92000002,214,12,,,,,,,,,,,1360007,,
2023-01-10,Northern Ireland,N92000002,228,18,,,,,,,,,,,1359978,,
2023-01-09,Northern Ireland,N92000002,233,24,,,,,,,,,,,1359975,,
2023-01-08,Northern Ireland,N92000002,225,11,,,,,,,,,,,1359972,,
2023-01-07,Northern Ireland,N92000002,231,20,,,,,,,,,,,1359965,,
2023-01-06,Northern Ireland,N92000002,224,22,,,,,,,,,,,1359895,,
2023-01-05,Northern Ireland,N92000002,243,24,,,,,,,,,,,1359922,,
2023-01-04,Northern Ireland,N92000002,253,33,,,,,,,,,,,1359918,,
2023-01-03,Northern Ireland,N92000002,248,19,,,,,,,,,,,1359902,,
2023-01-02,Northern Ireland,N92000002,263,24,,,,,,,,,,,1359893,,
2023-01-01,Northern Ireland,N92000002,252,28,,,,,,,,,,,1359893,,
2022-12-31,Northern Ireland,N92000002,246,37,,,,,,,,,,,1359896,,
2022-12-30,Northern Ireland,N92000002,230,44,,,,,,,,,,,1359896,,
2022-12-29,Northern Ireland,N92000002,215,31,,,,,,,,,,,1359891,,
2022-12-28,Northern Ireland,N92000002,209,37,,,,,,,,,,,1359886,,
2022-12-27,Northern Ireland,N92000002,190,32,,,,,,,,,,,1359873,,
2022-12-26,Northern Ireland,N92000002,168,30,,,,,,,,,,,1359873,,
2022-12-25,Northern Ireland,N92000002,148,15,,,,,,,,,,,1359873,,
2022-12-24,Northern Ireland,N92000002,146,23,,,,,,,,,,,1359872,,
2022-12-23,Northern Ireland,N92000002,142,25,,,,,,,,,,,1359872,,
2022-12-22,Northern Ireland,N92000002,150,21,,,,,,,,,,,1359870,,
2022-12-21,Northern Ireland,N92000002,158,23,,,,,,,,,,,1359865,,
2022-12-20,Northern Ireland,N92000002,151,18,,,,,,,,,,,1359859,,
2022-12-19,Northern Ireland,N92000002,157,26,,,,,,,,,,,1359893,,
2022-12-18,Northern Ireland,N92000002,147,21,,,,,,,,,,,1359889,,
2022-12-17,Northern Ireland,N92000002,134,14,,,,,,,,,,,1359889,,
2022-12-16,Northern Ireland,N92000002,129,22,,,,,,,,,,,1359863,,
2022-12-15,Northern Ireland,N92000002,131,20,,,,,,,,,,,1359863,,
2022-12-14,Northern Ireland,N92000002,124,16,,,,,,,,,,,1359864,,
2022-12-13,Northern Ireland,N92000002,120,21,,,,,,,,,,,1359839,,
2022-12-12,Northern Ireland,N92000002,109,17,,,,,,,,,,,1359828,,
2022-12-11,Northern Ireland,N92000002,100,12,,,,,,,,,,,1359834,,
2022-12-10,Northern Ireland,N92000002,94,12,,,,,,,,,,,1359833,,
2022-12-09,Northern Ireland,N92000002,91,9,,,,,,,,,,,1358317,,
2022-12-08,Northern Ireland,N92000002,91,11,,,,,,,,,,,1358317,,
2022-12-07,Northern Ireland,N92000002,91,12,,,,,,,,,,,1358225,,
2022-12-06,Northern Ireland,N92000002,88,8,,,,,,,,,,,1358219,,
2022-12-05,Northern Ireland,N92000002,96,5,,,,,,,,,,,1358159,,
2022-12-04,Northern Ireland,N92000002,101,7,,,,,,,,,,,1358159,,
2022-12-03,Northern Ireland,N92000002,99,5,,,,,,,,,,,1358159,,
2022-12-02,Northern Ireland,N92000002,101,6,,,,,,,,,,,1358159,,
2022-12-01,Northern Ireland,N92000002,110,13,,,,,,,,,,,1358159,,
2022-11-30,Northern Ireland,N92000002,112,10,,,,,,,,,,,1358142,,
2022-11-29,Northern Ireland,N92000002,113,9,,,,,,,,,,,1358130,,
2022-11-28,Northern Ireland,N92000002,112,9,,,,,,,,,,,1358125,,
2022-11-27,Northern Ireland,N92000002,113,8,,,,,,,,,,,1358119,,
2022-11-26,Northern Ireland,N92000002,109,8,,,,,,,,,,,1358079,,
2022-11-25,Northern Ireland,N92000002,112,7,,,,,,,,,,,1358058,,
2022-11-24,Northern Ireland,N92000002,123,11,,,,,,,,,,,1358051,,
2022-11-23,Northern Ireland,N92000002,120,10,,,,,,,,,,,1358051,,
2022-11-22,Northern Ireland,N92000002,128,17,,,,,,,,,,,1358044,,
2022-11-21,Northern Ireland,N92000002,124,10,,,,,,,,,,,1358040,,
2022-11-20,Northern Ireland,N92000002,125,7,,,,,,,,,,,1358026,,
2022-11-19,Northern Ireland,N92000002,124,11,,,,,,,,,,,1358013,,
2022-11-18,Northern Ireland,N92000002,119,12,,,,,,,,,,,1357976,,
2022-11-17,Northern Ireland,N92000002,118,11,,,,,,,,,,,1357897,,
2022-11-16,Northern Ireland,N92000002,120,4,,,,,,,,,,,1357897,,
2022-11-15,Northern Ireland,N92000002,129,9,,,,,,,,,,,1357873,,
2022-11-14,Northern Ireland,N92000002,135,6,,,,,,,,,,,1357867,,
2022-11-13,Northern Ireland,N92000002,146,9,,,,,,,,,,,1357867,,
2022-11-12,Northern Ireland,N92000002,145,13,,,,,,,,,,,1357865,,
2022-11-11,Northern Ireland,N92000002,137,12,,,,,,,,,,,1357793,,
2022-11-10,Northern Ireland,N92000002,135,10,,,,,,,,,,,1357789,,
2022-11-09,Northern Ireland,N92000002,138,13,,,,,,,,,,,1357778,,
2022-11-08,Northern Ireland,N92000002,134,14,,,,,,,,,,,1357753,,
2022-11-07,Northern Ireland,N92000002,133,10,,,,,,,,,,,1357748,,
2022-11-06,Northern Ireland,N92000002,135,9,,,,,,,,,,,1357740,,
2022-11-05,Northern Ireland,N92000002,129,5,,,,,,,,,,,1357730,,
2022-11-04,Northern Ireland,N92000002,128,14,,,,,,,,,,,1357660,,
2022-11-03,Northern Ireland,N92000002,127,10,,,,,,,,,,,1357648,,
2022-11-02,Northern Ireland,N92000002,133,7,,,,,,,,,,,1357624,,
2022-11-01,Northern Ireland,N92000002,142,15,,,,,,,,,,,1357600,,
2022-10-31,Northern Ireland,N92000002,150,12,,,,,,,,,,,1357590,,
2022-10-30,Northern Ireland,N92000002,143,7,,,,,,,,,,,1357571,,
2022-10-29,Northern Ireland,N92000002,145,15,,,,,,,,,,,1357571,,
2022-10-28,Northern Ireland,N92000002,137,11,,,,,,,,,,,1357479,,
2022-10-27,Northern Ireland,N92000002,150,12,,,,,,,,,,,1357470,,
2022-10-26,Northern Ireland,N92000002,162,19,,,,,,,,,,,1357438,,
2022-10-25,Northern Ireland,N92000002,162,14,,,,,,,,,,,1357422,,
2022-10-24,Northern Ireland,N92000002,171,17,,,,,,,,,,,1357397,,
2022-10-23,Northern Ireland,N92000002,167,12,,,,,,,,,,,1357383,,
2022-10-22,Northern Ireland,N92000002,169,20,,,,,,,,,,,1357365,,
2022-10-21,Northern Ireland,N92000002,160,21,,,,,,,,,,,1357290,,
2022-10-20,Northern Ireland,N92000002,162,17,,,,,,,,,,,1357254,,
2022-10-19,Northern Ireland,N92000002,164,15,,,,,,,,,,,1357232,,
2022-10-18,Northern Ireland,N92000002,170,16,,,,,,,,,,,1357204,,
2022-10-17,Northern Ireland,N92000002,176,20,,,,,,,,,,,1357179,,
2022-10-16,Northern Ireland,N92000002,173,10,,,,,,,,,,,1357144,,
2022-10-15,Northern Ireland,N92000002,168,21,,,,,,,,,,,1357126,,
2022-10-14,Northern Ireland,N92000002,152,18,,,,,,,,,,,1356995,,
2022-10-13,Northern Ireland,N92000002,162,12,,,,,,,,,,,1356986,,
2022-10-12,Northern Ireland,N92000002,173,16,,,,,,,,,,,1356969,,
2022-10-11,Northern Ireland,N92000002,165,18,,,,,,,,,,,1356943,,
2022-10-10,Northern Ireland,N92000002,175,13,,,,,,,,,,,1356966,,
2022-10-09,Northern Ireland,N92000002,178,14,,,,,,,,,,,1356949,,
2022-10-08,Northern Ireland,N92000002,171,25,,,,,,,,,,,1356921,,
2022-10-07,Northern Ireland,N92000002,158,18,,,,,,,,,,,1356750,,
2022-10-06,Northern Ireland,N92000002,163,20,,,,,,,,,,,1356735,,
2022-10-05,Northern Ireland,N92000002,149,23,,,,,,,,,,,1356717,,
2022-10-04,Northern Ireland,N92000002,147,23,,,,,,,,,,,1356697,,
2022-10-03,Northern Ireland,N92000002,133,17,,,,,,,,,,,1356688,,
2022-10-02,Northern Ireland,N92000002,128,9,,,,,,,,,,,1356678,,
2022-10-01,Northern Ireland,N92000002,121,16,,,,,,,,,,,1356650,,
2022-09-30,Northern Ireland,N92000002,116,15,,,,,,,,,,,1356520,,
2022-09-29,Northern Ireland,N92000002,118,17,,,,,,,,,,,1356513,,
2022-09-28,Northern Ireland,N92000002,116,13,,,,,,,,,,,1356501,,
2022-09-27,Northern Ireland,N92000002,120,11,,,,,,,,,,,1356466,,
2022-09-26,Northern Ireland,N92000002,122,19,,,,,,,,,,,1356463,,
2022-09-25,Northern Ireland,N92000002,115,8,,,,,,,,,,,1356459,,
2022-09-24,Northern Ireland,N92000002,114,12,,,,,,,,,,,1356445,,
2022-09-23,Northern Ireland,N92000002,110,17,,,,,,,,,,,1356340,,
2022-09-22,Northern Ireland,N92000002,105,12,,,,,,,,,,,1356319,,
2022-09-21,Northern Ireland,N92000002,109,10,,,,,,,,,,,1356298,,
2022-09-20,Northern Ireland,N92000002,111,10,,,,,,,,,,,1356276,,
2022-09-19,Northern Ireland,N92000002,114,11,,,,,,,,,,,1356252,,
2022-09-18,Northern Ireland,N92000002,108,13,,,,,,,,,,,1356251,,
2022-09-17,Northern Ireland,N92000002,100,7,,,,,,,,,,,1356238,,
2022-09-16,Northern Ireland,N92000002,100,10,,,,,,,,,,,1356124,,
2022-09-15,Northern Ireland,N92000002,105,9,,,,,,,,,,,1356112,,
2022-09-14,Northern Ireland,N92000002,104,10,,,,,,,,,,,1356089,,
2022-09-13,Northern Ireland,N92000002,104,8,,,,,,,,,,,1356071,,
2022-09-12,Northern Ireland,N92000002,109,6,,,,,,,,,,,1356058,,
2022-09-11,Northern Ireland,N92000002,112,6,,,,,,,,,,,1356012,,
2022-09-10,Northern Ireland,N92000002,108,4,,,,,,,,,,,1355983,,
2022-09-09,Northern Ireland,N92000002,109,8,,,,,,,,,,,1355848,,
2022-09-08,Northern Ireland,N92000002,112,11,,,,,,,,,,,1355833,,
2022-09-07,Northern Ireland,N92000002,110,10,,,,,,,,,,,1355828,,
2022-09-06,Northern Ireland,N92000002,112,15,,,,,,,,,,,1355803,,
2022-09-05,Northern Ireland,N92000002,108,14,,,,,,,,,,,1355796,,
2022-09-04,Northern Ireland,N92000002,106,5,,,,,,,,,,,1355763,,
2022-09-03,Northern Ireland,N92000002,103,6,,,,,,,,,,,1355733,,
2022-09-02,Northern Ireland,N92000002,105,9,,,,,,,,,,,1355630,,
2022-09-01,Northern Ireland,N92000002,113,17,,,,,,,,,,,1355603,,
2022-08-31,Northern Ireland,N92000002,112,6,,,,,,,,,,,1355552,,
2022-08-30,Northern Ireland,N92000002,119,5,,,,,,,,,,,1355479,,
2022-08-29,Northern Ireland,N92000002,128,9,,,,,,,,,,,1355438,,
2022-08-28,Northern Ireland,N92000002,130,8,,,,,,,,,,,1355423,,
2022-08-27,Northern Ireland,N92000002,128,8,,,,,,,,,,,1355420,,
2022-08-26,Northern Ireland,N92000002,124,9,,,,,,,,,,,1355262,,
2022-08-25,Northern Ireland,N92000002,124,17,,,,,,,,,,,1355221,,
2022-08-24,Northern Ireland,N92000002,125,8,,,,,,,,,,,1355188,,
2022-08-23,Northern Ireland,N92000002,132,7,,,,,,,,,,,1355163,,
2022-08-22,Northern Ireland,N92000002,143,9,,,,,,,,,,,1355139,,
2022-08-21,Northern Ireland,N92000002,147,9,,,,,,,,,,,1355122,,
2022-08-20,Northern Ireland,N92000002,146,7,,,,,,,,,,,1355109,,
2022-08-19,Northern Ireland,N92000002,144,12,,,,,,,,,,,1354956,,
2022-08-18,Northern Ireland,N92000002,150,9,,,,,,,,,,,1354949,,
2022-08-17,Northern Ireland,N92000002,157,4,,,,,,,,,,,1354915,,
2022-08-16,Northern Ireland,N92000002,164,10,,,,,,,,,,,1354871,,
2022-08-15,Northern Ireland,N92000002,174,13,,,,,,,,,,,1354857,,
2022-08-14,Northern Ireland,N92000002,174,10,,,,,,,,,,,1354867,,
2022-08-13,Northern Ireland,N92000002,172,10,,,,,,,,,,,1354870,,
2022-08-12,Northern Ireland,N92000002,169,14,,,,,,,,,,,1354745,,
2022-08-11,Northern Ireland,N92000002,175,21,,,,,,,,,,,1354709,,
2022-08-10,Northern Ireland,N92000002,170,14,,,,,,,,,,,1354645,,
2022-08-09,Northern Ireland,N92000002,178,11,,,,,,,,,,,1354591,,
2022-08-08,Northern Ireland,N92000002,188,13,,,,,,,,,,,1354547,,
2022-08-07,Northern Ireland,N92000002,189,9,,,,,,,,,,,1354614,,
2022-08-06,Northern Ireland,N92000002,187,13,,,,,,,,,,,1354549,,
2022-08-05,Northern Ireland,N92000002,181,12,,,,,,,,,,,1354390,,
2022-08-04,Northern Ireland,N92000002,192,14,,,,,,,,,,,1354324,,
2022-08-03,Northern Ireland,N92000002,192,18,,,,,,,,,,,1354183,,
2022-08-02,Northern Ireland,N92000002,194,12,,,,,,,,,,,1354009,,
2022-08-01,Northern Ireland,N92000002,203,12,,,,,,,,,,,1353987,,
2022-07-31,Northern Ireland,N92000002,214,16,,,,,,,,,,,1353952,,
2022-07-30,Northern Ireland,N92000002,206,17,,,,,,,,,,,1353869,,
2022-07-29,Northern Ireland,N92000002,199,13,,,,,,,,,,,1353658,,
2022-07-28,Northern Ireland,N92000002,219,11,,,,,,,,,,,1353584,,
2022-07-27,Northern Ireland,N92000002,236,17,,,,,,,,,,,1353438,,
2022-07-26,Northern Ireland,N92000002,253,16,,,,,,,,,,,1353333,,
2022-07-25,Northern Ireland,N92000002,268,23,,,,,,,,,,,1353274,,
2022-07-24,Northern Ireland,N92000002,268,17,,,,,,,,,,,1353249,,
2022-07-23,Northern Ireland,N92000002,270,15,,,,,,,,,,,1352674,,
2022-07-22,Northern Ireland,N92000002,272,24,,,,,,,,,,,1352674,,
2022-07-21,Northern Ireland,N92000002,276,26,,,,,,,,,,,1352674,,
2022-07-20,Northern Ireland,N92000002,281,34,,,,,,,,,,,1352674,,
2022-07-19,Northern Ireland,N92000002,283,34,,,,,,,,,,,1352530,,
2022-07-18,Northern Ireland,N92000002,288,43,,,,,,,,,,,1352479,,
2022-07-17,Northern Ireland,N92000002,283,9,,,,,,,,,,,1352441,,
2022-07-16,Northern Ireland,N92000002,285,22,,,,,,,,,,,1352340,,
2022-07-15,Northern Ireland,N92000002,282,35,,,,,,,,,,,1352001,,
2022-07-14,Northern Ireland,N92000002,283,33,,,,,,,,,,,1351868,,
2022-07-13,Northern Ireland,N92000002,285,30,,,,,,,,,,,1351744,,
2022-07-12,Northern Ireland,N92000002,292,31,,,,,,,,,,,1351662,,
2022-07-11,Northern Ireland,N92000002,280,40,,,,,,,,,,,1351660,,
2022-07-10,Northern Ireland,N92000002,289,44,,,,,,,,,,,1351648,,
2022-07-09,Northern Ireland,N92000002,262,36,,,,,,,,,,,1351577,,
2022-07-08,Northern Ireland,N92000002,252,39,,,,,,,,,,,1351271,,
2022-07-07,Northern Ireland,N92000002,246,33,,,,,,,,,,,1351002,,
2022-07-06,Northern Ireland,N92000002,258,42,,,,,,,,,,,1350883,,
2022-07-05,Northern Ireland,N92000002,252,41,,,,,,,,,,,1350739,,
2022-07-04,Northern Ireland,N92000002,255,39,,,,,,,,,,,1350670,,
2022-07-03,Northern Ireland,N92000002,243,40,,,,,,,,,,,1350571,,
2022-07-02,Northern Ireland,N92000002,216,40,,,,,,,,,,,1350339,,
2022-07-01,Northern Ireland,N92000002,191,24,,,,,,,,,,,1349933,,
2022-06-30,Northern Ireland,N92000002,204,44,,,,,,,,,,,1349651,,
2022-06-29,Northern Ireland,N92000002,193,38,,,,,,,,,,,1349443,,
2022-06-28,Northern Ireland,N92000002,188,24,,,,,,,,,,,1349252,,
2022-06-27,Northern Ireland,N92000002,197,30,,,,,,,,,,,1349176,,
2022-06-26,Northern Ireland,N92000002,195,23,,,,,,,,,,,1349116,,
2022-06-25,Northern Ireland,N92000002,183,31,,,,,,,,,,,1348852,,
2022-06-24,Northern Ireland,N92000002,163,35,,,,,,,,,,,1348375,,
2022-06-23,Northern Ireland,N92000002,162,27,,,,,,,,,,,1348246,,
2022-06-22,Northern Ireland,N92000002,156,21,,,,,,,,,,,1348065,,
2022-06-21,Northern Ireland,N92000002,156,36,,,,,,,,,,,1347909,,
2022-06-20,Northern Ireland,N92000002,147,21,,,,,,,,,,,1347837,,
2022-06-19,Northern Ireland,N92000002,152,22,,,,,,,,,,,1347589,,
2022-06-18,Northern Ireland,N92000002,138,12,,,,,,,,,,,1347256,,
2022-06-17,Northern Ireland,N92000002,140,16,,,,,,,,,,,1346844,,
2022-06-16,Northern Ireland,N92000002,145,21,,,,,,,,,,,1346661,,
2022-06-15,Northern Ireland,N92000002,141,24,,,,,,,,,,,1346469,,
2022-06-14,Northern Ireland,N92000002,141,19,,,,,,,,,,,1346210,,
2022-06-13,Northern Ireland,N92000002,141,14,,,,,,,,,,,1346157,,
2022-06-12,Northern Ireland,N92000002,141,10,,,,,,,,,,,1346061,,
2022-06-11,Northern Ireland,N92000002,139,18,,,,,,,,,,,1345716,,
2022-06-10,Northern Ireland,N92000002,130,18,,,,,,,,,,,1345044,,
2022-06-09,Northern Ireland,N92000002,130,15,,,,,,,,,,,1344851,,
2022-06-08,Northern Ireland,N92000002,125,13,,,,,,,,,,,1344630,,
2022-06-07,Northern Ireland,N92000002,120,24,,,,,,,,,,,1344443,,
2022-06-06,Northern Ireland,N92000002,112,12,,,,,,,,,,,1344371,,
2022-06-05,Northern Ireland,N92000002,108,12,,,,,,,,,,,1344288,,
2022-06-04,Northern Ireland,N92000002,101,8,,,,,,,,,,,1344051,,
2022-06-03,Northern Ireland,N92000002,99,9,,,,,,,,,,,1343804,,
2022-06-02,Northern Ireland,N92000002,96,4,,,,,,,,,,,1343749,,
2022-06-01,Northern Ireland,N92000002,103,15,,,,,,,,,,,1343622,,
2022-05-31,Northern Ireland,N92000002,101,6,,,,,,,,,,,1343351,,
2022-05-30,Northern Ireland,N92000002,102,6,,,,,,,,,,,1343300,,
2022-05-29,Northern Ireland,N92000002,104,3,,,,,,,,,,,1343182,,
2022-05-28,Northern Ireland,N92000002,106,6,,,,,,,,,,,1342872,,
2022-05-27,Northern Ireland,N92000002,102,5,,,,,,,,,,,1342393,,
2022-05-26,Northern Ireland,N92000002,108,4,,,,,,,,,,,1342239,,
2022-05-25,Northern Ireland,N92000002,120,6,,,,,,,,,,,1342023,,
2022-05-24,Northern Ireland,N92000002,121,6,,,,,,,,,,,1343921,,
2022-05-23,Northern Ireland,N92000002,126,16,,,,,,,,,,,1343847,,
2022-05-22,Northern Ireland,N92000002,117,11,,,,,,,,,,,1343829,,1
2022-05-21,Northern Ireland,N92000002,110,4,,,,,,,,,,,1343582,,1
2022-05-20,Northern Ireland,N92000002,112,6,,,,0,,,,,,,1343237,262,1
2022-05-19,Northern Ireland,N92000002,115,7,190,0,3007,4,2237,,,5244,0,,1343031,263,2
2022-05-18,Northern Ireland,N92000002,122,10,266,4,2715,1,2520,,,5235,0,,1342791,332,1
2022-05-17,Northern Ireland,N92000002,121,4,318,1,2757,2,3170,,,5927,0,,1342675,363,1
2022-05-16,Northern Ireland,N92000002,130,13,356,2,3745,1,2443,,,6188,0,,1342572,252,2
2022-05-15,Northern Ireland,N92000002,132,7,281,0,2357,0,2365,,,4722,0,,1342488,173,2
2022-05-14,Northern Ireland,N92000002,130,8,195,0,1732,5,2027,,,3759,0,,1342168,1082,2
2022-05-13,Northern Ireland,N92000002,127,6,213,1,11340,0,10569,,,21909,0,,1341739,0,3
2022-05-12,Northern Ireland,N92000002,129,6,214,2,0,0,0,,,0,0,,1341571,0,3
2022-05-11,Northern Ireland,N92000002,130,6,289,1,0,0,0,,,0,0,,1341367,0,3
2022-05-10,Northern Ireland,N92000002,130,12,333,2,0,3,0,,,0,0,,1341213,394,1
2022-05-09,Northern Ireland,N92000002,131,8,372,2,3985,3,3126,,,7111,0,,1341034,796,0
2022-05-08,Northern Ireland,N92000002,131,5,321,1,2537,0,2244,,,4781,0,,1340910,0,0
2022-05-07,Northern Ireland,N92000002,130,12,253,2,2036,0,2369,,,4405,0,,1340611,0,0
2022-05-06,Northern Ireland,N92000002,126,9,261,0,2599,1,2746,,,5345,0,,1340226,316,0
2022-05-05,Northern Ireland,N92000002,134,4,306,2,3214,1,2507,,,5721,0,,1340023,362,0
2022-05-04,Northern Ireland,N92000002,145,10,344,0,3045,1,3107,,,6152,0,,1339801,378,0
2022-05-03,Northern Ireland,N92000002,152,8,373,0,3823,6,2682,,,6505,0,,1339618,1002,1
2022-05-02,Northern Ireland,N92000002,158,8,308,1,3004,0,2291,,,5295,0,,1339495,0,2
2022-05-01,Northern Ireland,N92000002,163,8,243,1,2497,0,2386,,,4883,0,,1339390,0,1
2022-04-30,Northern Ireland,N92000002,166,6,203,2,2342,0,2269,,,4611,0,,1339060,0,1
2022-04-29,Northern Ireland,N92000002,164,7,281,3,3014,1,2256,,,5270,0,,1338607,329,1
2022-04-28,Northern Ireland,N92000002,181,9,297,1,3387,2,2595,,,5982,0,,1338383,355,2
2022-04-27,Northern Ireland,N92000002,197,13,360,1,3749,1,2455,,,6204,0,,1338080,365,1
2022-04-26,Northern Ireland,N92000002,206,17,371,3,4861,4,2906,,,7767,0,,1337798,480,1
2022-04-25,Northern Ireland,N92000002,209,15,454,1,5743,4,3564,,,9307,0,,1337716,1279,1
2022-04-24,Northern Ireland,N92000002,204,11,437,3,3864,0,2278,,,6142,0,,1337614,0,1
2022-04-23,Northern Ireland,N92000002,204,10,385,2,3120,0,1262,,,4382,0,,1337171,0,0
2022-04-22,Northern Ireland,N92000002,206,15,475,1,4944,3,2481,,,7425,0,,1336698,707,0
2022-04-21,Northern Ireland,N92000002,209,20,622,3,7030,9,2613,,,9643,0,,1336351,752,3
2022-04-20,Northern Ireland,N92000002,207,10,682,6,8971,2,3016,,,11987,0,,1336122,588,2
2022-04-19,Northern Ireland,N92000002,218,17,719,1,5786,14,2435,,,8221,0,,1335694,2695,1
2022-04-18,Northern Ireland,N92000002,210,10,591,3,24761,0,11082,,,35843,0,,1335541,0,2
2022-04-17,Northern Ireland,N92000002,210,11,413,9,0,0,0,,,0,0,,1335488,0,1
2022-04-16,Northern Ireland,N92000002,217,13,470,1,0,0,0,,,0,0,,1335488,0,2
2022-04-15,Northern Ireland,N92000002,215,22,528,3,0,0,0,,,0,0,,1335234,0,2
2022-04-14,Northern Ireland,N92000002,220,18,652,3,0,5,0,,,0,0,,1334942,791,1
2022-04-13,Northern Ireland,N92000002,229,18,784,5,9299,3,3090,,,12389,0,,1334653,770,1
2022-04-12,Northern Ireland,N92000002,240,19,808,3,8343,2,2953,,,11296,0,,1334363,927,1
2022-04-11,Northern Ireland,N92000002,250,24,909,0,8944,9,3209,,,12153,0,,1334230,1873,1
2022-04-10,Northern Ireland,N92000002,250,24,715,5,5406,0,2100,,,7506,0,,1334120,0,0
2022-04-09,Northern Ireland,N92000002,237,14,588,4,4679,0,2353,,,7032,0,,1333738,0,1
2022-04-08,Northern Ireland,N92000002,241,26,678,3,6693,5,2654,,,9347,0,,1333395,983,2
2022-04-07,Northern Ireland,N92000002,246,25,949,5,8601,5,3128,,,11729,0,,1333193,1133,1
2022-04-06,Northern Ireland,N92000002,245,29,1071,4,11102,2,2845,,,13947,0,,1332892,1155,3
2022-04-05,Northern Ireland,N92000002,259,33,1231,2,10123,4,3190,,,13313,0,,1332643,1387,4
2022-04-04,Northern Ireland,N92000002,257,29,1321,4,11174,13,3439,,,14613,0,,1332518,2688,2
2022-04-03,Northern Ireland,N92000002,258,19,997,4,6860,0,2525,,,9385,0,,1332445,0,2
2022-04-02,Northern Ireland,N92000002,257,29,809,3,5531,0,2229,,,7760,0,,1332048,0,2
2022-04-01,Northern Ireland,N92000002,242,33,985,5,7732,6,2563,,,10295,0,,1331620,1218,3
2022-03-31,Northern Ireland,N92000002,240,18,1115,6,10368,3,2651,,,13019,0,,1331316,1461,3
2022-03-30,Northern Ireland,N92000002,251,23,1369,2,12740,5,2931,,,15671,0,,1331065,1414,4
2022-03-29,Northern Ireland,N92000002,268,25,1462,5,11717,9,3057,,,14774,0,,1330731,1731,3
2022-03-28,Northern Ireland,N92000002,276,35,1730,4,12651,14,5296,,,17947,0,,1330523,3841,4
2022-03-27,Northern Ireland,N92000002,266,22,1338,7,8366,0,2095,,,10461,0,,1330423,0,4
2022-03-26,Northern Ireland,N92000002,257,28,1174,3,7036,0,2113,,,9149,0,,1330150,0,4
2022-03-25,Northern Ireland,N92000002,253,33,1432,9,9432,5,2792,,,12224,0,,1329735,1910,4
2022-03-24,Northern Ireland,N92000002,262,39,1850,1,12578,2,2480,,,15058,0,,1329507,2524,4
2022-03-23,Northern Ireland,N92000002,264,36,2325,6,16172,3,3358,,,19530,0,,1329366,2269,4
2022-03-22,Northern Ireland,N92000002,273,38,2404,4,13515,8,2884,,,16399,0,,1329117,2899,3
2022-03-21,Northern Ireland,N92000002,288,29,2835,2,16259,10,2806,,,19065,0,,1328826,5355,2
2022-03-20,Northern Ireland,N92000002,283,22,2173,6,10529,0,2667,,,13196,0,,1328723,0,1
2022-03-19,Northern Ireland,N92000002,279,27,1645,2,8354,0,2533,,,10887,0,,1328424,0,1
2022-03-18,Northern Ireland,N92000002,275,36,1704,7,10619,0,2910,,,13529,0,,1328098,1798,0
2022-03-17,Northern Ireland,N92000002,285,36,1670,0,11707,3,2255,,,13962,0,,1327778,2054,0
2022-03-16,Northern Ireland,N92000002,268,34,2036,3,14816,5,2661,,,17477,0,,1327592,2391,0
2022-03-15,Northern Ireland,N92000002,269,28,2404,2,14779,5,3366,,,18145,0,,1327321,2605,0
2022-03-14,Northern Ireland,N92000002,277,35,2566,5,16092,7,3175,,,19267,0,,1327156,5523,1
2022-03-13,Northern Ireland,N92000002,275,27,2050,4,10924,0,2096,,,13020,0,,1326950,0,1
2022-03-12,Northern Ireland,N92000002,263,23,1686,2,8838,0,2433,,,11271,0,,1326668,0,1
2022-03-11,Northern Ireland,N92000002,253,31,1960,3,11755,1,3357,,,15112,0,,1326291,2270,1
2022-03-10,Northern Ireland,N92000002,250,29,2212,2,14624,4,2848,,,17472,0,,1326066,2602,1
2022-03-09,Northern Ireland,N92000002,255,34,2533,3,16751,4,3544,,,20295,0,,1325764,2683,1
2022-03-08,Northern Ireland,N92000002,261,41,2690,4,16725,5,3014,,,19739,0,,1325530,2669,2
2022-03-07,Northern Ireland,N92000002,251,30,2706,4,16432,9,3032,,,19464,0,,1325295,5769,2
2022-03-06,Northern Ireland,N92000002,260,31,2209,2,11236,0,2475,,,13711,0,,1325060,0,3
2022-03-05,Northern Ireland,N92000002,244,32,1756,3,9192,0,1998,,,11190,0,,1324798,0,1
2022-03-04,Northern Ireland,N92000002,239,43,1866,2,11847,3,3188,,,15035,0,,1324461,2236,1
2022-03-03,Northern Ireland,N92000002,234,33,2157,3,15969,3,2807,,,18776,0,,1324026,2408,3
2022-03-02,Northern Ireland,N92000002,233,36,2396,6,16529,4,2893,,,19422,0,,1324026,2407,3
2022-03-01,Northern Ireland,N92000002,229,39,2498,3,14400,5,3737,,,18137,0,,1323808,2567,5
2022-02-28,Northern Ireland,N92000002,228,33,2520,3,16913,12,3822,,,20735,0,,1323494,5168,6
2022-02-27,Northern Ireland,N92000002,234,23,2090,5,11617,0,2341,,,13958,0,,1323252,0,5
2022-02-26,Northern Ireland,N92000002,227,39,1603,0,9954,0,2231,,,12185,0,,1322762,0,4
2022-02-25,Northern Ireland,N92000002,204,23,1709,8,11653,2,3321,,,14974,0,,1322318,2068,5
2022-02-24,Northern Ireland,N92000002,228,22,1887,1,15634,2,2662,,,18296,0,,1322035,2486,4
2022-02-23,Northern Ireland,N92000002,236,37,2371,3,18121,4,3213,,,21334,0,,1321815,2294,6
2022-02-22,Northern Ireland,N92000002,236,25,2679,4,16239,5,3539,,,19778,0,,1321556,2951,5
2022-02-21,Northern Ireland,N92000002,245,29,2865,3,18932,4,3270,,,22202,0,,1321321,2235,7
2022-02-20,Northern Ireland,N92000002,254,33,2436,5,13478,5,2536,,,16014,0,,1321170,1865,6
2022-02-19,Northern Ireland,N92000002,237,42,1894,5,10989,5,2487,,,13476,0,,1320782,2147,5
2022-02-18,Northern Ireland,N92000002,225,32,2096,7,13220,4,2777,,,15997,0,,1320348,2469,5
2022-02-17,Northern Ireland,N92000002,230,29,2332,2,16356,1,3263,,,19619,0,,1319781,3027,6
2022-02-16,Northern Ireland,N92000002,242,47,2931,4,19719,5,3669,,,23388,0,,1319392,2889,7
2022-02-15,Northern Ireland,N92000002,235,31,2869,3,18561,4,3474,,,22035,0,,1318967,2987,6
2022-02-14,Northern Ireland,N92000002,246,26,2999,4,19922,2,3550,,,23472,0,,1318651,2465,6
2022-02-13,Northern Ireland,N92000002,253,25,2510,2,15297,1,2211,,,17508,0,,1318333,2158,8
2022-02-12,Northern Ireland,N92000002,239,35,2183,3,16279,4,2182,,,18461,0,,1317835,2633,9
2022-02-11,Northern Ireland,N92000002,221,32,2437,4,19890,4,2789,,,22679,0,,1317351,2923,8
2022-02-10,Northern Ireland,N92000002,235,36,2813,2,21387,7,3421,,,24808,0,,1316848,3609,11
2022-02-09,Northern Ireland,N92000002,240,44,3459,5,26364,2,3563,,,29927,0,,1316118,3837,11
2022-02-08,Northern Ireland,N92000002,226,35,3837,5,25387,6,3842,,,29229,0,,1316088,3959,12
2022-02-07,Northern Ireland,N92000002,228,37,4075,5,25710,2,3480,,,29190,0,,1315857,3105,11
2022-02-06,Northern Ireland,N92000002,220,19,3193,2,20321,1,2128,,,22449,0,,1315589,2694,10
2022-02-05,Northern Ireland,N92000002,214,29,2689,3,19384,3,2356,,,21740,0,,1315115,3201,9
2022-02-04,Northern Ireland,N92000002,200,32,3075,1,23076,1,3408,,,26484,0,,1314566,3833,9
2022-02-03,Northern Ireland,N92000002,212,30,3662,2,28321,3,2936,,,31257,0,,1314171,4203,7
2022-02-02,Northern Ireland,N92000002,216,35,4261,3,29181,5,3353,,,32534,0,,1313737,4769,10
2022-02-01,Northern Ireland,N92000002,208,28,4568,6,32479,4,3930,,,36409,0,,1313301,4622,13
2022-01-31,Northern Ireland,N92000002,209,29,4971,4,0,3,0,,,0,0,,1313053,4159,16
2022-01-30,Northern Ireland,N92000002,208,26,4220,3,29075,6,0,,,29075,0,,1312791,3069,14
2022-01-29,Northern Ireland,N92000002,200,20,3414,3,23007,3,1780,,,24787,0,,1312352,3590,16
2022-01-28,Northern Ireland,N92000002,201,19,3607,5,26574,8,3061,,,29635,0,,1311651,3737,18
2022-01-27,Northern Ireland,N92000002,226,21,3905,11,28054,6,2692,,,30746,0,,1311200,4243,18
2022-01-26,Northern Ireland,N92000002,237,35,4347,3,34547,9,2691,,,37238,0,,1310551,4383,17
2022-01-25,Northern Ireland,N92000002,233,29,4849,7,29568,5,3246,,,32814,0,,1309950,5023,18
2022-01-24,Northern Ireland,N92000002,238,23,5338,5,33708,1,3555,,,37263,0,,1309523,3932,20
2022-01-23,Northern Ireland,N92000002,256,28,4400,2,27742,5,2262,,,30004,0,,1309176,3059,20
2022-01-22,Northern Ireland,N92000002,239,22,3266,7,28301,5,2710,,,31011,0,,1308483,3476,17
2022-01-21,Northern Ireland,N92000002,244,36,3548,4,29579,6,2832,,,32411,0,,1307824,3568,19
2022-01-20,Northern Ireland,N92000002,249,31,3848,4,30289,2,2974,,,33263,0,,1307126,3879,21
2022-01-19,Northern Ireland,N92000002,251,22,4037,4,32927,6,3576,,,36503,0,,1306569,4451,20
2022-01-18,Northern Ireland,N92000002,262,34,4398,6,33128,6,2834,,,35962,0,,1305939,4081,22
2022-01-17,Northern Ireland,N92000002,267,25,4607,3,31591,4,3214,,,34805,0,,1305436,3295,22
2022-01-16,Northern Ireland,N92000002,280,21,3620,6,27526,3,2511,,,30037,0,,1304935,2518,23
2022-01-15,Northern Ireland,N92000002,272,26,2842,2,28946,0,2364,,,31310,0,,1304426,2668,26
2022-01-14,Northern Ireland,N92000002,272,28,2692,2,28118,4,3314,,,31432,0,,1303859,2954,25
2022-01-13,Northern Ireland,N92000002,276,39,2890,8,31877,14,3505,,,35382,0,,1303385,2980,22
2022-01-12,Northern Ireland,N92000002,292,36,3130,11,30668,2,3200,,,33868,0,,1302751,2922,24
2022-01-11,Northern Ireland,N92000002,300,35,3232,0,24862,1,4241,,,29103,0,,1302313,3420,22
2022-01-10,Northern Ireland,N92000002,306,50,3614,0,30015,6,3702,,,33717,0,,1301888,2706,22
2022-01-09,Northern Ireland,N92000002,300,38,2838,7,28096,2,2670,,,30766,0,,1301486,3760,25
2022-01-08,Northern Ireland,N92000002,297,32,2637,2,40030,5,2815,,,42845,0,,1300880,3458,26
2022-01-07,Northern Ireland,N92000002,298,31,2708,3,33078,0,3462,,,36540,0,,1300880,6444,26
2022-01-06,Northern Ireland,N92000002,309,44,3578,2,40293,4,5364,,,45657,0,,1300341,6877,24
2022-01-05,Northern Ireland,N92000002,307,40,6819,3,40379,3,4452,,,44831,0,,1299712,7133,24
2022-01-04,Northern Ireland,N92000002,306,44,8470,5,41136,15,4392,,,45528,0,,1297911,30423,25
2022-01-03,Northern Ireland,N92000002,304,36,7309,3,160452,0,12289,,,172741,0,,1297302,0,26
2022-01-02,Northern Ireland,N92000002,294,29,6912,4,0,0,0,,,0,0,,1296881,0,25
2022-01-01,Northern Ireland,N92000002,289,41,5385,4,0,0,0,,,0,0,,1296598,0,25
2021-12-31,Northern Ireland,N92000002,274,45,7996,3,0,1,0,,,0,0,,1296530,7215,25
2021-12-30,Northern Ireland,N92000002,261,39,8740,0,40032,3,3377,,,43409,0,,1296369,4701,24
2021-12-29,Northern Ireland,N92000002,252,44,8976,4,32421,14,3896,,,36317,0,,1295873,22972,29
2021-12-28,Northern Ireland,N92000002,237,24,8410,4,177190,0,9928,,,187118,0,,1295315,0,25
2021-12-27,Northern Ireland,N92000002,235,32,7310,3,0,0,0,,,0,0,,1294883,0,26
2021-12-26,Northern Ireland,N92000002,214,25,3518,2,0,0,0,,,0,0,,1294604,0,25
2021-12-25,Northern Ireland,N92000002,205,21,2662,4,0,0,0,,,0,0,,1294511,0,28
2021-12-24,Northern Ireland,N92000002,205,30,4290,0,0,3,0,,,0,0,,1294510,3286,25
2021-12-23,Northern Ireland,N92000002,208,20,4318,3,38484,1,3134,,,41618,0,,1294487,3227,26
2021-12-22,Northern Ireland,N92000002,215,26,4372,1,39859,3,3414,,,43273,0,,1294004,3231,26
2021-12-21,Northern Ireland,N92000002,204,18,3828,2,36909,3,3538,,,40447,0,,1293141,2096,26
2021-12-20,Northern Ireland,N92000002,214,12,2710,4,29140,1,2985,,,32125,0,,1292111,2148,23
2021-12-19,Northern Ireland,N92000002,235,15,2101,1,31102,2,2315,,,33417,0,,1290988,1798,24
2021-12-18,Northern Ireland,N92000002,230,18,1975,2,39089,5,2134,,,41223,0,,1290378,2075,23
2021-12-17,Northern Ireland,N92000002,232,23,1835,5,43479,3,2937,,,46416,0,,1289809,1887,24
2021-12-16,Northern Ireland,N92000002,245,25,2006,3,36143,6,2957,,,39100,0,,1288937,2237,25
2021-12-15,Northern Ireland,N92000002,242,22,2224,6,36621,4,2963,,,39584,0,,1287587,2156,27
2021-12-14,Northern Ireland,N92000002,248,21,2205,5,30872,4,3670,,,34542,0,,1286401,1581,27
2021-12-13,Northern Ireland,N92000002,260,20,1932,3,22861,4,2495,,,25356,0,,1285566,1431,29
2021-12-12,Northern Ireland,N92000002,263,23,1434,3,22544,3,2299,,,24843,0,,1284350,1548,32
2021-12-11,Northern Ireland,N92000002,257,26,1439,3,26430,3,2259,,,28689,0,,1283759,1446,30
2021-12-10,Northern Ireland,N92000002,246,22,1464,2,26406,2,2774,,,29180,0,,1283220,1806,31
2021-12-09,Northern Ireland,N92000002,250,20,1681,4,29506,4,3138,,,32644,0,,1282373,1819,30
2021-12-08,Northern Ireland,N92000002,265,27,1886,3,27111,5,2925,,,30036,0,,1281400,1933,34
2021-12-07,Northern Ireland,N92000002,266,25,1801,5,25763,5,2970,,,28733,0,,1280350,1658,28
2021-12-06,Northern Ireland,N92000002,260,26,1932,5,19115,1,3019,,,22134,0,,1279456,1635,28
2021-12-05,Northern Ireland,N92000002,261,25,1527,2,19599,7,2144,,,21743,0,,1278405,1422,25
2021-12-04,Northern Ireland,N92000002,247,22,1399,7,21879,9,2104,,,23983,0,,1276190,1642,26
2021-12-03,Northern Ireland,N92000002,246,25,1581,6,27607,4,2916,,,30523,0,,1276190,1908,28
2021-12-02,Northern Ireland,N92000002,243,28,1889,4,26592,2,2625,,,29217,0,,1275441,2272,28
2021-12-01,Northern Ireland,N92000002,239,17,1992,2,30284,4,2681,,,32965,0,,1274046,1992,24
2021-11-30,Northern Ireland,N92000002,249,34,1968,2,23936,2,2840,,,26776,0,,1272784,1585,23
2021-11-29,Northern Ireland,N92000002,251,22,2018,2,17246,4,3002,,,20248,0,,1271490,1464,24
2021-11-28,Northern Ireland,N92000002,265,26,1496,5,15963,2,2064,,,18027,0,,1270186,1405,27
2021-11-27,Northern Ireland,N92000002,253,17,1355,3,14247,2,1890,,,16137,0,,1266367,1482,25
2021-11-26,Northern Ireland,N92000002,255,22,1425,3,17081,9,2347,,,19428,0,,1266367,2004,22
2021-11-25,Northern Ireland,N92000002,266,18,1619,9,25865,5,2414,,,28279,0,,1266367,1549,24
2021-11-24,Northern Ireland,N92000002,280,23,1644,4,21516,4,2653,,,24169,0,,1265081,1931,25
2021-11-23,Northern Ireland,N92000002,287,24,1774,7,20960,4,2950,,,23910,0,,1263765,1476,25
2021-11-22,Northern Ireland,N92000002,291,26,1866,4,15177,3,3007,,,18184,0,,1262592,1469,26
2021-11-21,Northern Ireland,N92000002,301,20,1470,3,14790,7,1905,,,16695,0,,1261448,1406,25
2021-11-20,Northern Ireland,N92000002,288,24,1415,9,13143,6,1825,,,14968,0,,1260708,1846,22
2021-11-19,Northern Ireland,N92000002,285,28,1642,2,17489,7,2500,,,19989,0,,1260274,1690,21
2021-11-18,Northern Ireland,N92000002,289,25,1681,9,21522,6,2278,,,23800,0,,1259572,1681,22
2021-11-17,Northern Ireland,N92000002,295,29,1746,5,19461,12,3096,,,22557,0,,1258632,1848,26
2021-11-16,Northern Ireland,N92000002,293,24,1755,12,19448,5,2798,,,22246,0,,1257405,1698,26
2021-11-15,Northern Ireland,N92000002,303,22,1876,6,16994,5,2855,,,19849,0,,1256509,1457,28
2021-11-14,Northern Ireland,N92000002,317,23,1469,3,14572,5,1858,,,16430,0,,1255645,1377,25
2021-11-13,Northern Ireland,N92000002,305,33,1345,4,10670,3,1931,,,12601,0,,1255108,1806,27
2021-11-12,Northern Ireland,N92000002,290,27,1303,4,16770,2,2357,,,19127,0,,1254811,1087,27
2021-11-11,Northern Ireland,N92000002,290,22,1482,5,16127,6,2460,,,18587,0,,1254145,1462,30
2021-11-10,Northern Ireland,N92000002,295,30,1470,6,16896,7,2684,,,19580,0,,1252813,1765,28
2021-11-09,Northern Ireland,N92000002,293,28,1593,8,18905,7,2805,,,21710,0,,1251729,1228,28
2021-11-08,Northern Ireland,N92000002,301,26,1511,7,13717,11,3184,,,16901,0,,1250850,1028,31
2021-11-07,Northern Ireland,N92000002,307,20,1028,7,11423,4,1591,,,13014,0,,1249719,1035,34
2021-11-06,Northern Ireland,N92000002,296,23,998,6,8664,6,1961,,,10625,0,,1248919,1194,34
2021-11-05,Northern Ireland,N92000002,298,29,1092,4,12598,4,2444,,,15042,0,,1248555,1164,32
2021-11-04,Northern Ireland,N92000002,307,25,1187,6,15097,12,2560,,,17657,0,,1247566,1481,31
2021-11-03,Northern Ireland,N92000002,308,27,1182,12,21005,9,2621,,,23626,0,,1246319,995,30
2021-11-02,Northern Ireland,N92000002,317,35,1160,8,12755,2,2862,,,15617,0,,1245772,1114,29
2021-11-01,Northern Ireland,N92000002,317,21,1249,4,13038,10,2830,,,15868,0,,1244920,948,28
2021-10-31,Northern Ireland,N92000002,329,25,960,6,10634,6,1884,,,12518,0,,1244076,1001,28
2021-10-30,Northern Ireland,N92000002,317,25,960,8,10113,8,1824,,,11937,0,,1243641,1207,23
2021-10-29,Northern Ireland,N92000002,306,27,1073,10,14394,7,2441,,,16835,0,,1243091,1321,25
2021-10-28,Northern Ireland,N92000002,308,34,1174,6,15731,9,3678,,,19409,0,,1242418,1122,24
2021-10-27,Northern Ireland,N92000002,306,35,1242,7,15756,6,2494,,,18250,0,,1241684,1291,26
2021-10-26,Northern Ireland,N92000002,303,25,1263,4,14102,4,2742,,,16844,0,,1240821,1124,26
2021-10-25,Northern Ireland,N92000002,311,29,1229,5,11534,4,1282,,,12816,0,,1239986,1019,24
2021-10-24,Northern Ireland,N92000002,312,24,1052,3,9608,5,2053,,,11661,0,,1239213,1061,22
2021-10-23,Northern Ireland,N92000002,298,28,1009,6,11151,10,1795,,,12946,0,,1238606,1323,23
2021-10-22,Northern Ireland,N92000002,288,21,1052,11,17191,7,2231,,,19422,0,,1238076,1355,24
2021-10-21,Northern Ireland,N92000002,302,30,1137,7,17580,4,2439,,,20019,0,,1237115,1051,25
2021-10-20,Northern Ireland,N92000002,300,29,1396,3,13709,6,2571,,,16280,0,,1235242,1423,22
2021-10-19,Northern Ireland,N92000002,299,38,1462,5,14240,8,2964,,,17204,0,,1233927,1367,20
2021-10-18,Northern Ireland,N92000002,299,35,1450,9,16134,3,2697,,,18831,0,,1225250,1091,24
2021-10-17,Northern Ireland,N92000002,284,33,1065,2,12576,4,1904,,,14480,0,,1224810,966,24
2021-10-16,Northern Ireland,N92000002,270,19,1001,6,8723,4,1639,,,10362,0,,1224459,1218,24
2021-10-15,Northern Ireland,N92000002,265,24,1096,4,13616,4,2739,,,16355,0,,1223799,1349,22
2021-10-14,Northern Ireland,N92000002,275,20,1252,5,20180,6,2696,,,22876,0,,1223097,1304,27
2021-10-13,Northern Ireland,N92000002,280,28,1296,5,18466,1,2639,,,21105,0,,1221785,1471,26
2021-10-12,Northern Ireland,N92000002,292,28,1403,3,17077,6,2949,,,20026,0,,1221045,1278,21
2021-10-11,Northern Ireland,N92000002,306,28,1444,5,14266,5,2462,,,16728,0,,1219960,1109,25
2021-10-10,Northern Ireland,N92000002,304,14,1154,2,12748,3,1850,,,14598,0,,1219098,1115,26
2021-10-09,Northern Ireland,N92000002,305,27,1007,5,10315,4,2230,,,12545,0,,1218509,1274,26
2021-10-08,Northern Ireland,N92000002,298,28,1239,4,15104,2,2263,,,17367,0,,1217565,1276,28
2021-10-07,Northern Ireland,N92000002,291,28,1275,3,18169,4,2209,,,20378,0,,1216564,1305,26
2021-10-06,Northern Ireland,N92000002,287,33,1277,2,20069,2,2352,,,22421,0,,1215311,1339,27
2021-10-05,Northern Ireland,N92000002,290,33,1289,3,16829,3,2668,,,19497,0,,1214464,1209,27
2021-10-04,Northern Ireland,N92000002,281,24,1326,3,15883,3,2793,,,18676,0,,1213124,1080,28
2021-10-03,Northern Ireland,N92000002,276,23,1044,1,13803,2,1940,,,15743,0,,1211686,892,27
2021-10-02,Northern Ireland,N92000002,267,21,899,4,9077,1,1724,,,10801,0,,1210458,992,25
2021-10-01,Northern Ireland,N92000002,263,31,915,2,15201,8,2235,,,17436,0,,1209561,1039,26
2021-09-30,Northern Ireland,N92000002,264,16,1022,5,17914,2,2473,,,20387,0,,1208665,1163,25
2021-09-29,Northern Ireland,N92000002,279,25,1162,3,20186,2,2556,,,22742,0,,1207801,1320,27
2021-09-28,Northern Ireland,N92000002,274,19,1115,3,18784,4,2645,,,21429,0,,1206919,1078,24
2021-09-27,Northern Ireland,N92000002,283,33,1328,4,14208,4,2610,,,16818,0,,1206162,903,25
2021-09-26,Northern Ireland,N92000002,279,24,913,4,13752,6,1668,,,15420,0,,1205042,1020,23
2021-09-25,Northern Ireland,N92000002,266,24,823,5,18088,5,2002,,,20090,0,,1204438,1120,23
2021-09-24,Northern Ireland,N92000002,260,20,936,6,23318,8,2283,,,25601,0,,1204006,1030,23
2021-09-23,Northern Ireland,N92000002,275,25,1080,8,18435,8,2216,,,20651,0,,1203664,1165,25
2021-09-22,Northern Ireland,N92000002,288,28,1104,9,23001,4,2613,,,25614,0,,1203117,1060,26
2021-09-21,Northern Ireland,N92000002,302,35,1211,4,16800,4,2689,,,19489,0,,1202311,1145,25
2021-09-20,Northern Ireland,N92000002,307,32,1259,4,18000,5,2619,,,20619,0,,1201657,1020,27
2021-09-19,Northern Ireland,N92000002,309,20,939,5,17549,5,1735,,,19284,0,,1201074,889,28
2021-09-18,Northern Ireland,N92000002,300,22,866,4,12118,6,1753,,,13871,0,,1200606,1072,27
2021-09-17,Northern Ireland,N92000002,300,31,987,10,20679,10,2718,,,23397,0,,1200436,1239,31
2021-09-16,Northern Ireland,N92000002,319,29,1064,7,25398,5,2580,,,27978,0,,1199906,1071,33
2021-09-15,Northern Ireland,N92000002,329,36,1192,3,21216,10,2604,,,23820,0,,1199165,1304,33
2021-09-14,Northern Ireland,N92000002,328,27,1283,10,19831,7,2977,,,22808,0,,1198596,1590,36
2021-09-13,Northern Ireland,N92000002,350,34,1377,10,21810,8,2586,,,24396,0,,1197505,1199,32
2021-09-12,Northern Ireland,N92000002,355,29,920,8,20534,6,1922,,,22456,0,,1196000,1031,33
2021-09-11,Northern Ireland,N92000002,355,31,1003,6,23953,3,2140,,,26093,0,,1194869,1424,35
2021-09-10,Northern Ireland,N92000002,348,24,1372,1,31542,6,2617,,,34159,0,,1192643,1687,35
2021-09-09,Northern Ireland,N92000002,374,37,1654,6,32188,8,2421,,,34609,0,,1188527,1831,34
2021-09-08,Northern Ireland,N92000002,371,48,1550,10,30888,6,2938,,,33826,0,,1184987,1210,33
2021-09-07,Northern Ireland,N92000002,374,46,1661,5,21226,7,3488,,,24714,0,,1181487,1748,35
2021-09-06,Northern Ireland,N92000002,372,46,1756,4,21783,9,2718,,,24501,0,,1177318,1764,36
2021-09-05,Northern Ireland,N92000002,362,37,1299,13,22102,7,1841,,,23943,0,,1174021,1232,34
2021-09-04,Northern Ireland,N92000002,348,32,1211,7,16436,7,1933,,,18369,0,,1171130,1812,35
2021-09-03,Northern Ireland,N92000002,337,45,1376,6,26129,9,2752,,,28881,0,,1169483,1248,38
2021-09-02,Northern Ireland,N92000002,331,32,1389,8,15212,12,2558,,,17770,0,,1167574,793,38
2021-09-01,Northern Ireland,N92000002,346,42,1497,13,13431,9,2862,,,16293,0,,1165322,1472,37
2021-08-31,Northern Ireland,N92000002,351,37,1594,7,17237,6,3212,,,20449,0,,1163562,1313,37
2021-08-30,Northern Ireland,N92000002,351,42,1423,7,12178,6,1989,,,14167,0,,1161433,1259,33
2021-08-29,Northern Ireland,N92000002,336,35,1078,8,11602,9,2919,,,14521,0,,1159756,1225,31
2021-08-28,Northern Ireland,N92000002,336,34,1166,10,11640,6,824,,,12464,0,,1158349,1430,29
2021-08-27,Northern Ireland,N92000002,338,50,1457,5,16962,5,2196,,,19158,0,,1157174,1875,27
2021-08-26,Northern Ireland,N92000002,336,42,1653,5,22077,4,3554,,,25631,0,,1155558,1550,26
2021-08-25,Northern Ireland,N92000002,330,49,1712,4,17461,5,2327,,,19788,0,,1153122,1771,26
2021-08-24,Northern Ireland,N92000002,334,42,1658,5,15089,12,2873,,,17962,0,,1150123,1648,26
2021-08-23,Northern Ireland,N92000002,333,47,1771,8,14237,9,2225,,,16462,0,,1147741,1320,28
2021-08-22,Northern Ireland,N92000002,331,38,1284,10,9659,11,1949,,,11608,0,,1146016,1485,33
2021-08-21,Northern Ireland,N92000002,318,42,1483,12,8911,4,2083,,,10994,0,,1143706,1612,33
2021-08-20,Northern Ireland,N92000002,301,40,1603,5,11861,9,2471,,,14332,0,,1140923,2397,33
2021-08-19,Northern Ireland,N92000002,312,32,1817,7,20225,9,2898,,,23123,0,,1136902,1963,31
2021-08-18,Northern Ireland,N92000002,325,37,1791,11,17005,11,3160,,,20165,0,,1132946,1345,32
2021-08-17,Northern Ireland,N92000002,335,45,1688,7,12220,7,2687,,,14907,0,,1129084,1564,33
2021-08-16,Northern Ireland,N92000002,327,45,1697,4,13387,3,2606,,,15993,0,,1123936,1306,34
2021-08-15,Northern Ireland,N92000002,320,36,1312,2,11716,3,1841,,,13557,0,,1120187,1294,32
2021-08-14,Northern Ireland,N92000002,308,34,1230,4,12814,5,2276,,,15090,0,,1116681,1437,28
2021-08-13,Northern Ireland,N92000002,297,33,1326,6,14412,4,2834,,,17246,0,,1113944,1389,32
2021-08-12,Northern Ireland,N92000002,315,48,1372,6,14271,3,2623,,,16894,0,,1109693,1610,32
2021-08-11,Northern Ireland,N92000002,301,40,1443,5,19920,3,2695,,,22615,0,,1104905,1467,31
2021-08-10,Northern Ireland,N92000002,294,40,1428,3,15097,2,2892,,,17989,0,,1100236,1305,32
2021-08-09,Northern Ireland,N92000002,287,36,1408,3,12310,8,2812,,,15122,0,,1094987,1031,34
2021-08-08,Northern Ireland,N92000002,299,35,1092,8,9411,1,1859,,,11270,0,,1089222,1129,29
2021-08-07,Northern Ireland,N92000002,284,33,1056,3,9292,6,1942,,,11234,0,,1084263,1349,33
2021-08-06,Northern Ireland,N92000002,275,34,1211,5,13880,4,2935,,,16815,0,,1079825,1434,28
2021-08-05,Northern Ireland,N92000002,277,42,1402,4,14479,3,2781,,,17260,0,,1073342,1641,27
2021-08-04,Northern Ireland,N92000002,271,35,1340,3,19053,1,3459,,,22512,0,,1068860,1040,29
2021-08-03,Northern Ireland,N92000002,274,27,1294,1,9683,6,2925,,,12608,0,,1062797,1082,26
2021-08-02,Northern Ireland,N92000002,282,39,1169,3,11195,5,2785,,,13980,0,,1056278,872,23
2021-08-01,Northern Ireland,N92000002,279,38,868,7,6999,5,2090,,,9089,0,,1048595,1072,24
2021-07-31,Northern Ireland,N92000002,276,36,871,5,8308,8,2206,,,10514,0,,1043909,1177,21
2021-07-30,Northern Ireland,N92000002,269,40,1016,5,12193,3,2623,,,14816,0,,1040265,1101,25
2021-07-29,Northern Ireland,N92000002,263,31,1199,6,12664,2,2587,,,15251,0,,1036362,1471,25
2021-07-28,Northern Ireland,N92000002,269,46,1327,3,17387,3,3261,,,20648,0,,1030507,1600,23
2021-07-27,Northern Ireland,N92000002,265,34,1417,2,13987,3,3533,,,17520,0,,1022646,1473,21
2021-07-26,Northern Ireland,N92000002,267,49,1302,0,10996,0,3091,,,14087,0,,1016691,639,16
2021-07-25,Northern Ireland,N92000002,246,45,1050,1,10950,2,1911,,,12861,0,,1011471,1264,14
2021-07-24,Northern Ireland,N92000002,217,27,1036,2,10099,1,1885,,,11984,0,,1008906,1520,11
2021-07-23,Northern Ireland,N92000002,209,44,1262,2,10504,1,2156,,,12660,0,,1006725,1337,8
2021-07-22,Northern Ireland,N92000002,194,56,1351,2,9845,0,3151,,,12996,0,,1003634,1430,5
2021-07-21,Northern Ireland,N92000002,160,41,1488,1,14287,2,1698,,,15985,0,,1001669,1973,3
2021-07-20,Northern Ireland,N92000002,140,37,1495,1,13204,1,2480,,,15684,0,,995493,1138,2
2021-07-19,Northern Ireland,N92000002,131,37,1692,1,9925,1,2727,,,12652,0,,988658,1776,3
2021-07-18,Northern Ireland,N92000002,123,24,1006,1,13615,1,1766,,,15381,0,,982562,537,3
2021-07-17,Northern Ireland,N92000002,107,17,1149,0,6259,2,1839,,,8098,0,,978587,1402,3
2021-07-16,Northern Ireland,N92000002,96,23,1406,3,11698,0,2300,,,13998,0,,973998,1380,1
2021-07-15,Northern Ireland,N92000002,91,26,1322,0,15273,0,1972,,,17245,0,,963532,1083,1
2021-07-14,Northern Ireland,N92000002,81,25,1170,0,10194,1,2708,,,12902,0,,957236,636,1
2021-07-13,Northern Ireland,N92000002,66,13,902,0,5412,0,2363,,,7775,0,,950145,511,1
2021-07-12,Northern Ireland,N92000002,65,12,523,0,6856,0,2106,,,8962,0,,943778,528,1
2021-07-11,Northern Ireland,N92000002,59,13,478,1,5034,1,1560,,,6594,0,,942014,605,1
2021-07-10,Northern Ireland,N92000002,54,12,488,1,7555,1,1502,,,9057,0,,938477,445,1
2021-07-09,Northern Ireland,N92000002,51,8,578,1,10658,0,1827,,,12485,0,,932963,605,0
2021-07-08,Northern Ireland,N92000002,51,14,629,0,9875,0,1898,,,11773,0,,926855,627,0
2021-07-07,Northern Ireland,N92000002,48,8,624,0,10518,0,2182,,,12700,0,,920078,570,1
2021-07-06,Northern Ireland,N92000002,45,12,556,0,7629,0,2493,,,10122,0,,912250,417,1
2021-07-05,Northern Ireland,N92000002,38,10,517,0,9780,0,2427,,,12207,0,,904607,420,1
2021-07-04,Northern Ireland,N92000002,35,3,383,0,6660,0,1615,,,8275,0,,897209,533,1
2021-07-03,Northern Ireland,N92000002,35,3,349,0,9573,0,1774,,,11347,0,,890335,460,1
2021-07-02,Northern Ireland,N92000002,36,6,379,0,10332,1,2085,,,12417,0,,883864,339,1
2021-07-01,Northern Ireland,N92000002,35,6,419,1,9170,0,1867,,,11037,0,,877402,326,2
2021-06-30,Northern Ireland,N92000002,31,10,437,0,9592,0,2370,,,11962,0,,871216,375,2
2021-06-29,Northern Ireland,N92000002,30,7,409,0,7672,0,2246,,,9918,0,,862932,278,2
2021-06-28,Northern Ireland,N92000002,26,6,328,0,8340,0,2622,,,10962,0,,855736,211,2
2021-06-27,Northern Ireland,N92000002,22,1,207,0,5953,0,1550,,,7503,0,,850004,261,0
2021-06-26,Northern Ireland,N92000002,22,6,247,0,5844,0,1754,,,7598,0,,845626,298,0
2021-06-25,Northern Ireland,N92000002,18,2,251,0,9609,0,2032,,,11641,0,,841666,229,0
2021-06-24,Northern Ireland,N92000002,19,3,241,0,11096,0,1855,,,12951,0,,836164,198,0
2021-06-23,Northern Ireland,N92000002,20,2,200,0,12958,0,2200,,,15158,0,,830506,188,0
2021-06-22,Northern Ireland,N92000002,20,2,207,0,8636,0,2321,,,10957,0,,823908,187,0
2021-06-21,Northern Ireland,N92000002,20,4,198,0,7560,0,2541,,,10101,0,,817178,133,0
2021-06-20,Northern Ireland,N92000002,18,0,132,0,6271,0,1419,,,7690,0,,810405,125,0
2021-06-19,Northern Ireland,N92000002,19,1,120,0,4103,0,1757,,,5860,0,,803384,158,0
2021-06-18,Northern Ireland,N92000002,19,0,135,0,7397,0,2188,,,9585,0,,797394,178,0
2021-06-17,Northern Ireland,N92000002,19,2,185,0,10735,0,1848,,,12583,0,,790071,179,0
2021-06-16,Northern Ireland,N92000002,20,3,173,0,12633,0,2095,,,14728,0,,782569,143,0
2021-06-15,Northern Ireland,N92000002,19,1,165,0,10235,0,2279,,,12514,0,,772933,115,0
2021-06-14,Northern Ireland,N92000002,18,0,120,0,7437,0,2361,,,9798,0,,762424,87,0
2021-06-13,Northern Ireland,N92000002,18,1,86,0,5497,0,1340,,,6837,0,,750356,70,0
2021-06-12,Northern Ireland,N92000002,19,1,62,0,2824,0,1722,,,4546,0,,750356,107,0
2021-06-11,Northern Ireland,N92000002,22,2,102,0,6392,1,2022,,,8414,0,,749820,121,0
2021-06-10,Northern Ireland,N92000002,21,2,130,0,10268,0,1817,,,12085,0,,743402,109,0
2021-06-09,Northern Ireland,N92000002,21,0,97,0,13849,0,2117,,,15966,0,,736190,105,0
2021-06-08,Northern Ireland,N92000002,22,3,107,1,7782,0,5077,,,12859,0,,728000,81,0
2021-06-07,Northern Ireland,N92000002,20,2,88,0,7295,0,2209,,,9504,0,,719800,54,0
2021-06-06,Northern Ireland,N92000002,19,1,50,0,6442,0,1089,,,7531,0,,710121,69,0
2021-06-05,Northern Ireland,N92000002,18,0,75,0,2988,0,695,,,3683,0,,703582,95,0
2021-06-04,Northern Ireland,N92000002,18,1,77,0,6664,0,1065,,,7729,0,,699318,73,0
2021-06-03,Northern Ireland,N92000002,20,1,82,0,7071,1,1748,,,8819,0,,692206,80,0
2021-06-02,Northern Ireland,N92000002,20,2,84,0,11641,0,2257,,,13898,0,,684398,84,0
2021-06-01,Northern Ireland,N92000002,21,1,71,1,9758,0,2499,,,12257,0,,675575,54,0
2021-05-31,Northern Ireland,N92000002,21,0,58,0,7194,0,1805,,,8999,0,,666957,39,0
2021-05-30,Northern Ireland,N92000002,25,0,36,0,3626,0,1418,,,5044,0,,661490,63,0
2021-05-29,Northern Ireland,N92000002,25,0,59,0,3182,1,1519,,,4701,0,,658157,68,0
2021-05-28,Northern Ireland,N92000002,25,2,70,1,6619,0,1759,,,8378,0,,654624,75,0
2021-05-27,Northern Ireland,N92000002,25,1,74,0,9692,0,1759,,,11451,0,,648518,84,1
2021-05-26,Northern Ireland,N92000002,27,1,81,0,11664,0,1944,,,13608,0,,639883,66,1
2021-05-25,Northern Ireland,N92000002,29,3,66,0,10041,0,2239,,,12280,0,,630170,75,1
2021-05-24,Northern Ireland,N92000002,30,4,74,0,6930,0,2420,,,9350,0,,620764,53,1
2021-05-23,Northern Ireland,N92000002,29,1,57,0,7381,0,1564,,,8945,0,,612064,77,1
2021-05-22,Northern Ireland,N92000002,30,3,63,0,2785,0,2654,,,5439,0,,606212,82,2
2021-05-21,Northern Ireland,N92000002,27,0,80,0,6284,0,1156,,,7440,0,,602303,84,2
2021-05-20,Northern Ireland,N92000002,29,0,81,0,11265,0,2102,,,13367,0,,592965,90,2
2021-05-19,Northern Ireland,N92000002,32,2,101,0,11725,0,2211,,,13936,0,,583977,107,2
2021-05-18,Northern Ireland,N92000002,31,2,106,1,10982,2,2372,,,13354,0,,575059,104,3
2021-05-17,Northern Ireland,N92000002,33,6,99,0,7786,1,2269,,,10055,0,,567117,82,2
2021-05-16,Northern Ireland,N92000002,32,0,68,2,6168,0,1602,,,7770,0,,559227,109,2
2021-05-15,Northern Ireland,N92000002,35,0,64,0,7824,0,4030,,,11854,0,,552431,0,3
2021-05-14,Northern Ireland,N92000002,36,4,55,0,0,0,0,,,0,0,,546275,96,3
2021-05-13,Northern Ireland,N92000002,38,2,89,1,9047,1,2105,,,11152,0,,537343,99,3
2021-05-12,Northern Ireland,N92000002,38,1,101,0,17491,0,2751,,,20242,0,,526191,113,4
2021-05-11,Northern Ireland,N92000002,43,2,106,1,7340,1,1803,,,9143,0,,515015,89,3
2021-05-10,Northern Ireland,N92000002,47,4,107,0,6929,0,1951,,,8880,0,,503087,76,4
2021-05-09,Northern Ireland,N92000002,48,3,78,0,7919,0,1481,,,9400,0,,493553,98,4
2021-05-08,Northern Ireland,N92000002,46,1,90,0,2685,0,1676,,,4361,0,,487828,81,4
2021-05-07,Northern Ireland,N92000002,47,1,78,0,9385,1,2696,,,12081,0,,481897,65,3
2021-05-06,Northern Ireland,N92000002,53,3,75,1,10213,0,1955,,,12168,0,,473502,102,5
2021-05-05,Northern Ireland,N92000002,58,4,96,0,8999,0,2223,,,11222,0,,459763,99,5
2021-05-04,Northern Ireland,N92000002,58,2,99,0,12407,0,2100,,,14507,0,,446309,83,5
2021-05-03,Northern Ireland,N92000002,58,6,87,0,7578,0,1719,,,9297,0,,436887,64,5
2021-05-02,Northern Ireland,N92000002,53,1,65,0,5583,1,1714,,,7297,0,,431873,69,6
2021-05-01,Northern Ireland,N92000002,54,2,62,1,3367,0,1479,,,4846,0,,426876,90,5
2021-04-30,Northern Ireland,N92000002,54,6,85,0,4348,1,1678,,,6026,0,,422234,108,4
2021-04-29,Northern Ireland,N92000002,50,2,97,1,14073,0,1995,,,16068,0,,417537,95,4
2021-04-28,Northern Ireland,N92000002,50,5,100,0,13439,1,2006,,,15445,0,,377302,98,3
2021-04-27,Northern Ireland,N92000002,47,3,108,1,8383,0,2487,,,10870,0,,367469,109,3
2021-04-26,Northern Ireland,N92000002,48,3,103,1,8165,1,2354,,,10519,0,,356403,73,3
2021-04-25,Northern Ireland,N92000002,52,4,79,0,9533,0,1417,,,10950,0,,347034,73,3
2021-04-24,Northern Ireland,N92000002,53,6,73,1,3248,1,1870,,,5118,0,,342195,80,3
2021-04-23,Northern Ireland,N92000002,49,4,75,0,7568,1,2045,,,9613,0,,338409,88,3
2021-04-22,Northern Ireland,N92000002,46,3,86,2,10369,3,1897,,,12266,0,,328366,120,5
2021-04-21,Northern Ireland,N92000002,48,8,110,3,15634,1,2120,,,17754,0,,311850,116,6
2021-04-20,Northern Ireland,N92000002,42,3,125,0,6223,1,2151,,,8374,0,,298557,124,6
2021-04-19,Northern Ireland,N92000002,47,2,128,1,7501,0,2522,,,10023,0,,283478,79,5
2021-04-18,Northern Ireland,N92000002,47,0,74,0,9688,0,1280,,,10968,0,,273619,82,5
2021-04-17,Northern Ireland,N92000002,51,2,82,1,3314,2,1586,,,4900,0,,268341,99,5
2021-04-16,Northern Ireland,N92000002,53,4,100,1,6565,1,1974,,,8539,0,,262917,119,5
2021-04-15,Northern Ireland,N92000002,51,3,116,1,10608,2,1666,,,12274,0,,250474,159,6
2021-04-14,Northern Ireland,N92000002,53,2,148,2,13877,1,1960,,,15837,0,,237281,97,5
2021-04-13,Northern Ireland,N92000002,57,4,103,1,5068,0,2278,,,7346,0,,224129,112,5
2021-04-12,Northern Ireland,N92000002,60,1,113,0,7405,0,2180,,,9585,0,,210470,97,6
2021-04-11,Northern Ireland,N92000002,66,4,87,1,9830,1,1218,,,11048,0,,199500,89,5
2021-04-10,Northern Ireland,N92000002,66,8,89,1,2400,3,1679,,,4079,0,,194610,146,7
2021-04-09,Northern Ireland,N92000002,59,2,129,2,7042,2,2171,,,9213,0,,189697,113,9
2021-04-08,Northern Ireland,N92000002,63,2,121,1,7926,2,2102,,,10028,0,,181814,98,9
2021-04-07,Northern Ireland,N92000002,72,5,108,2,4016,0,2720,,,6736,0,,173772,88,10
2021-04-06,Northern Ireland,N92000002,76,4,93,1,7069,3,806,,,7875,0,,167923,57,10
2021-04-05,Northern Ireland,N92000002,75,1,55,2,3868,2,1990,,,5858,0,,165374,89,10
2021-04-04,Northern Ireland,N92000002,78,3,36,1,4046,0,2404,,,6450,0,,163818,0,9
2021-04-03,Northern Ireland,N92000002,80,6,49,1,0,0,0,,,0,0,,162483,84,10
2021-04-02,Northern Ireland,N92000002,77,7,77,2,3815,1,1488,,,5303,0,,160262,107,9
2021-04-01,Northern Ireland,N92000002,79,6,94,0,10422,0,1735,,,12157,0,,153454,107,9
2021-03-31,Northern Ireland,N92000002,77,2,122,0,10150,0,1896,,,12046,0,,145753,123,9
2021-03-30,Northern Ireland,N92000002,86,3,107,3,4779,5,2259,,,7038,0,,138486,151,12
2021-03-29,Northern Ireland,N92000002,94,10,134,2,6889,0,2199,,,9088,0,,132022,65,12
2021-03-28,Northern Ireland,N92000002,97,5,92,1,4221,2,1286,,,5507,0,,125017,116,11
2021-03-27,Northern Ireland,N92000002,95,5,121,1,2311,2,1525,,,3836,0,,123452,138,10
2021-03-26,Northern Ireland,N92000002,93,6,134,1,4330,0,1692,,,6022,0,,120349,181,10
2021-03-25,Northern Ireland,N92000002,103,5,167,0,11350,0,1825,,,13175,0,,113637,183,10
2021-03-24,Northern Ireland,N92000002,107,6,166,0,10121,0,1872,,,11993,0,,104907,139,12
2021-03-23,Northern Ireland,N92000002,111,8,148,0,4144,2,2084,,,6228,0,,96254,174,11
2021-03-22,Northern Ireland,N92000002,111,6,174,2,6023,1,1917,,,7940,0,,88683,87,12
2021-03-21,Northern Ireland,N92000002,116,9,107,3,1550,1,1296,,,2846,0,,88683,125,13
2021-03-20,Northern Ireland,N92000002,109,3,122,0,2115,0,1633,,,3748,0,,78496,159,16
2021-03-19,Northern Ireland,N92000002,110,10,123,1,5059,3,2005,,,7064,0,,75313,137,14
2021-03-18,Northern Ireland,N92000002,113,6,169,2,5048,1,1532,,,6580,0,,70709,169,14
2021-03-17,Northern Ireland,N92000002,121,6,144,1,8996,0,1558,,,10554,0,,67202,161,13
2021-03-16,Northern Ireland,N92000002,120,10,172,0,6383,1,2368,,,8751,0,,63946,164,14
2021-03-15,Northern Ireland,N92000002,125,7,176,2,4689,1,1762,,,6451,0,,58245,121,16
2021-03-14,Northern Ireland,N92000002,135,7,112,0,1708,0,1343,,,3051,0,,54636,143,18
2021-03-13,Northern Ireland,N92000002,136,10,133,0,2125,1,1587,,,3712,0,,52407,146,18
2021-03-12,Northern Ireland,N92000002,131,10,160,1,3007,1,1699,,,4706,0,,50052,208,18
2021-03-11,Northern Ireland,N92000002,135,12,192,4,6035,9,1800,,,7835,0,,49400,223,19
2021-03-10,Northern Ireland,N92000002,139,12,198,7,8864,8,1886,,,10750,0,,48948,147,19
2021-03-09,Northern Ireland,N92000002,146,4,177,6,6745,2,2167,,,8912,0,,46927,240,22
2021-03-08,Northern Ireland,N92000002,165,10,220,1,5240,2,1778,,,7018,0,,44594,144,25
2021-03-07,Northern Ireland,N92000002,168,8,151,2,1644,3,1236,,,2880,0,,42851,138,24
2021-03-06,Northern Ireland,N92000002,167,11,143,6,1648,4,1720,,,3368,0,,42230,172,25
2021-03-05,Northern Ireland,N92000002,169,9,141,1,5860,2,1724,,,7584,0,,42096,166,27
2021-03-04,Northern Ireland,N92000002,181,11,164,2,7379,3,1809,,,9188,0,,41787,163,27
2021-03-03,Northern Ireland,N92000002,186,14,162,4,4368,4,1853,,,6221,0,,40139,226,29
2021-03-02,Northern Ireland,N92000002,195,14,209,2,8336,2,1953,,,10289,0,,37862,149,30
2021-03-01,Northern Ireland,N92000002,206,11,178,2,4236,2,1992,,,6228,0,,35370,138,29
2021-02-28,Northern Ireland,N92000002,221,11,123,2,1629,3,1297,,,2926,0,,33197,136,30
2021-02-27,Northern Ireland,N92000002,219,10,138,2,2082,2,1632,,,3714,0,,32665,184,31
2021-02-26,Northern Ireland,N92000002,225,11,171,3,2535,2,1731,,,4266,0,,32616,241,29
2021-02-25,Northern Ireland,N92000002,243,15,232,4,9188,5,1924,,,11112,0,,31898,281,32
2021-02-24,Northern Ireland,N92000002,257,18,260,4,7169,2,2092,,,9261,0,,31637,260,35
2021-02-23,Northern Ireland,N92000002,271,21,246,2,4887,5,1860,,,6747,0,,31345,225,39
2021-02-22,Northern Ireland,N92000002,284,17,252,5,5536,4,1780,,,7316,0,,31077,187,41
2021-02-21,Northern Ireland,N92000002,295,10,181,5,1798,4,1329,,,3127,0,,30796,263,40
2021-02-20,Northern Ireland,N92000002,296,15,220,5,2855,3,1700,,,4555,0,,30807,276,42
2021-02-19,Northern Ireland,N92000002,293,25,280,2,3143,5,1725,,,4868,0,,30753,313,41
2021-02-18,Northern Ireland,N92000002,297,24,266,6,10039,6,1916,,,11955,0,,30381,342,42
2021-02-17,Northern Ireland,N92000002,302,15,322,5,7223,6,2009,,,9232,0,,30012,297,45
2021-02-16,Northern Ireland,N92000002,316,17,309,12,3820,9,2185,,,6005,0,,29476,341,45
2021-02-15,Northern Ireland,N92000002,335,25,362,5,5113,4,1586,,,6699,0,,29201,234,49
2021-02-14,Northern Ireland,N92000002,337,12,243,5,1922,11,1058,,,2980,0,,29005,176,51
2021-02-13,Northern Ireland,N92000002,334,17,185,8,1166,10,1741,,,2907,0,,28976,303,52
2021-02-12,Northern Ireland,N92000002,331,17,272,9,4663,9,1679,,,6342,0,,28937,407,51
2021-02-11,Northern Ireland,N92000002,348,22,278,12,9860,9,1610,,,11470,0,,28552,253,53
2021-02-10,Northern Ireland,N92000002,369,17,331,8,6367,4,1959,,,8326,0,,28137,336,57
2021-02-09,Northern Ireland,N92000002,388,17,305,3,5596,10,2386,,,7982,0,,27772,275,57
2021-02-08,Northern Ireland,N92000002,411,23,340,9,3223,12,1592,,,4815,0,,27589,296,54
2021-02-07,Northern Ireland,N92000002,429,19,267,8,2663,9,1150,,,3813,0,,27463,334,57
2021-02-06,Northern Ireland,N92000002,429,25,300,13,2442,7,1822,,,4264,0,,27207,390,59
2021-02-05,Northern Ireland,N92000002,427,27,405,9,5039,16,1647,,,6686,0,,26531,506,61
2021-02-04,Northern Ireland,N92000002,456,25,374,14,10141,10,2146,,,12287,0,,26047,412,63
2021-02-03,Northern Ireland,N92000002,478,30,448,5,8335,11,1976,,,10311,0,,25539,504,60
2021-02-02,Northern Ireland,N92000002,499,42,424,13,6290,17,2749,,,9039,0,,25155,447,58
2021-02-01,Northern Ireland,N92000002,507,43,491,15,4547,11,1557,,,6104,0,,24882,314,56
2021-01-31,Northern Ireland,N92000002,516,26,370,12,2127,19,1296,,,3423,0,,24612,426,56
2021-01-30,Northern Ireland,N92000002,511,38,375,14,3006,17,1775,,,4781,0,,24323,455,56
2021-01-29,Northern Ireland,N92000002,501,48,506,23,3665,22,1805,,,5470,0,,24146,669,54
2021-01-28,Northern Ireland,N92000002,512,35,475,16,11259,13,2038,,,13297,0,,24070,592,57
2021-01-27,Northern Ireland,N92000002,541,39,583,20,9125,16,2375,,,11500,0,,23927,527,56
2021-01-26,Northern Ireland,N92000002,557,54,606,12,5044,16,1900,,,6944,0,,22910,550,48
2021-01-25,Northern Ireland,N92000002,567,38,589,15,4811,17,1527,,,6338,0,,22795,422,50
2021-01-24,Northern Ireland,N92000002,585,47,412,13,2800,14,1367,,,4167,0,,22713,433,54
2021-01-23,Northern Ireland,N92000002,562,40,437,20,2674,12,1736,,,4410,0,,22687,670,46
2021-01-22,Northern Ireland,N92000002,555,47,586,13,5505,12,1566,,,7071,0,,22660,865,52
2021-01-21,Northern Ireland,N92000002,576,50,716,11,10438,21,3820,,,14258,0,,22510,732,58
2021-01-20,Northern Ireland,N92000002,579,56,753,19,9095,22,1913,,,11008,0,,22326,905,57
2021-01-19,Northern Ireland,N92000002,592,54,835,19,7574,24,2164,,,9738,0,,21960,713,57
2021-01-18,Northern Ireland,N92000002,598,63,880,21,4539,19,1472,,,6011,0,,21579,640,51
2021-01-17,Northern Ireland,N92000002,598,56,588,29,3544,25,1129,,,4673,0,,21016,822,50
2021-01-16,Northern Ireland,N92000002,585,61,654,20,5008,22,2358,,,7366,0,,20174,705,45
2021-01-15,Northern Ireland,N92000002,573,59,821,24,5571,26,1252,,,6823,0,,19474,1052,47
2021-01-14,Northern Ireland,N92000002,590,64,872,26,10608,16,2325,,,12933,0,,19264,973,44
2021-01-13,Northern Ireland,N92000002,599,62,1026,19,8941,19,2375,,,11316,0,,19010,1145,40
2021-01-12,Northern Ireland,N92000002,581,68,1087,19,7668,22,2538,,,10206,0,,17840,1205,38
2021-01-11,Northern Ireland,N92000002,572,75,1245,23,6311,16,1769,,,8080,0,,15288,759,37
2021-01-10,Northern Ireland,N92000002,567,75,824,16,4134,17,1673,,,5807,0,,13949,1112,34
2021-01-09,Northern Ireland,N92000002,519,63,975,20,5274,9,2103,,,7377,0,,,1442,33
2021-01-08,Northern Ireland,N92000002,491,88,1187,10,9462,20,2368,,,11830,0,,,1500,36
2021-01-07,Northern Ireland,N92000002,447,60,1187,21,13118,17,2368,,,15486,0,,,1410,32
2021-01-06,Northern Ireland,N92000002,436,67,1489,11,8607,13,2558,,,11165,0,,,1985,37
2021-01-05,Northern Ireland,N92000002,417,67,1598,7,10423,18,2715,,,13138,0,,,1378,34
2021-01-04,Northern Ireland,N92000002,403,58,2010,13,6041,12,1632,,,7673,0,,,1801,29
2021-01-03,Northern Ireland,N92000002,401,53,1639,12,7032,6,1691,,,8723,0,,,1662,22
2021-01-02,Northern Ireland,N92000002,371,43,1920,14,6657,26,1867,,,8524,0,,,3576,25
2021-01-01,Northern Ireland,N92000002,350,40,1228,13,17187,0,3426,,,20613,0,,,0,27
2020-12-31,Northern Ireland,N92000002,336,38,1735,10,0,11,0,,,0,0,,,1929,27
2020-12-30,Northern Ireland,N92000002,354,48,2246,13,12745,6,2100,,,14845,0,,,2143,24
2020-12-29,Northern Ireland,N92000002,343,52,2332,11,8582,14,2043,,,10625,0,,,1566,24
2020-12-28,Northern Ireland,N92000002,316,45,1398,8,5490,20,2017,,,7507,0,,,1634,23
2020-12-27,Northern Ireland,N92000002,288,28,1093,14,8462,0,1413,,,9875,0,,,0,22
2020-12-26,Northern Ireland,N92000002,280,26,705,10,0,20,0,,,0,0,,,998,22
2020-12-25,Northern Ireland,N92000002,264,30,335,7,11669,0,1974,,,13643,0,,,0,22
2020-12-24,Northern Ireland,N92000002,245,23,614,15,0,11,0,,,0,0,,,841,22
2020-12-23,Northern Ireland,N92000002,264,27,795,15,11201,21,2123,,,13324,0,,,787,22
2020-12-22,Northern Ireland,N92000002,276,32,699,10,6898,16,2119,,,9017,0,,,439,23
2020-12-21,Northern Ireland,N92000002,275,34,699,17,3558,7,1608,,,5166,0,,,555,24
2020-12-20,Northern Ireland,N92000002,273,19,488,12,5394,13,1583,,,6977,0,,,505,24
2020-12-19,Northern Ireland,N92000002,263,20,476,15,4848,17,1876,,,6724,0,,,640,23
2020-12-18,Northern Ireland,N92000002,257,25,535,10,8194,12,1910,,,10104,0,,,510,26
2020-12-17,Northern Ireland,N92000002,263,24,589,14,4682,12,2130,,,6812,0,,,656,26
2020-12-16,Northern Ireland,N92000002,271,29,610,13,8016,8,2604,,,10620,0,,,510,25
2020-12-15,Northern Ireland,N92000002,278,23,513,6,6338,6,2147,,,8485,0,,,486,24
2020-12-14,Northern Ireland,N92000002,283,33,558,6,3893,5,1816,,,5709,0,,,419,24
2020-12-13,Northern Ireland,N92000002,274,30,404,5,2574,4,1832,,,4406,0,,,483,24
2020-12-12,Northern Ireland,N92000002,260,21,353,7,3848,9,1998,,,5846,0,,,476,23
2020-12-11,Northern Ireland,N92000002,249,22,527,9,5338,12,1854,,,7192,0,,,538,23
2020-12-10,Northern Ireland,N92000002,253,18,498,13,7106,14,2269,,,9375,0,,,441,22
2020-12-09,Northern Ireland,N92000002,253,17,458,9,6705,12,2175,,,8880,0,,,483,24
2020-12-08,Northern Ireland,N92000002,269,32,479,7,6998,14,1995,,,8993,0,,,351,20
2020-12-07,Northern Ireland,N92000002,260,30,456,17,3986,9,1676,,,5662,0,,,397,21
2020-12-06,Northern Ireland,N92000002,254,24,355,11,2901,11,1588,,,4489,0,,,419,24
2020-12-05,Northern Ireland,N92000002,245,18,391,12,3294,7,2672,,,5966,0,,,451,24
2020-12-04,Northern Ireland,N92000002,240,25,418,7,5589,6,1941,,,7530,0,,,449,24
2020-12-03,Northern Ireland,N92000002,236,26,488,6,6063,11,2232,,,8295,0,,,456,27
2020-12-02,Northern Ireland,N92000002,237,18,411,8,6969,4,2449,,,9418,0,,,416,29
2020-12-01,Northern Ireland,N92000002,260,18,409,7,6170,15,2061,,,8231,0,,,391,29
2020-11-30,Northern Ireland,N92000002,267,18,489,12,3501,10,1606,,,5107,0,,,290,29
2020-11-29,Northern Ireland,N92000002,277,19,260,8,2215,3,1387,,,3602,0,,,351,29
2020-11-28,Northern Ireland,N92000002,264,10,323,11,2867,9,1934,,,4801,0,,,315,29
2020-11-27,Northern Ireland,N92000002,264,28,322,11,3496,12,2010,,,5506,0,,,391,30
2020-11-26,Northern Ireland,N92000002,270,19,335,8,6527,8,1963,,,8490,0,,,442,33
2020-11-25,Northern Ireland,N92000002,279,21,391,10,7041,7,2475,,,9516,0,,,533,30
2020-11-24,Northern Ireland,N92000002,290,18,324,7,7173,11,1920,,,9093,0,,,79,29
2020-11-23,Northern Ireland,N92000002,304,13,364,8,452,3,1527,,,1979,0,,,280,30
2020-11-22,Northern Ireland,N92000002,337,19,253,6,1998,10,1628,,,3626,0,,,342,28
2020-11-21,Northern Ireland,N92000002,333,22,283,8,3169,10,2195,,,5364,0,,,357,31
2020-11-20,Northern Ireland,N92000002,326,31,343,13,4959,12,2129,,,7088,0,,,369,28
2020-11-19,Northern Ireland,N92000002,335,20,339,13,5021,12,3045,,,8066,0,,,487,32
2020-11-18,Northern Ireland,N92000002,345,29,429,10,6524,11,2257,,,8781,0,,,518,37
2020-11-17,Northern Ireland,N92000002,344,30,543,11,5483,9,2284,,,7767,0,,,549,35
2020-11-16,Northern Ireland,N92000002,350,27,545,9,3626,14,1671,,,5297,0,,,331,37
2020-11-15,Northern Ireland,N92000002,348,30,366,13,2193,9,1800,,,3993,0,,,472,40
2020-11-14,Northern Ireland,N92000002,344,28,399,13,3930,10,2387,,,6317,0,,,511,39
2020-11-13,Northern Ireland,N92000002,336,26,466,11,5544,11,2443,,,7987,0,,,607,34
2020-11-12,Northern Ireland,N92000002,347,21,537,10,4927,15,2708,,,7635,0,,,548,30
2020-11-11,Northern Ireland,N92000002,357,38,588,13,5587,8,2325,,,7912,0,,,791,35
2020-11-10,Northern Ireland,N92000002,356,44,700,8,6818,11,2741,,,9559,0,,,514,39
2020-11-09,Northern Ireland,N92000002,339,37,645,10,2824,10,1523,,,4347,0,,,471,44
2020-11-08,Northern Ireland,N92000002,345,31,400,10,2517,7,2024,,,4541,0,,,420,41
2020-11-07,Northern Ireland,N92000002,330,24,431,7,3653,14,2109,,,5762,0,,,528,38
2020-11-06,Northern Ireland,N92000002,330,35,467,15,4214,8,2541,,,6755,0,,,595,39
2020-11-05,Northern Ireland,N92000002,345,19,543,7,4902,12,2163,,,7065,0,,,516,42
2020-11-04,Northern Ireland,N92000002,363,33,577,10,4557,10,2330,,,6887,0,,,679,42
2020-11-03,Northern Ireland,N92000002,373,45,626,12,5139,6,2674,,,7813,0,,,570,44
2020-11-02,Northern Ireland,N92000002,372,43,646,5,2790,8,2162,,,4952,0,,,493,42
2020-11-01,Northern Ireland,N92000002,361,31,443,10,2681,8,1354,,,4035,0,,,685,41
2020-10-31,Northern Ireland,N92000002,349,28,487,7,3880,11,1973,,,5853,0,,,649,41
2020-10-30,Northern Ireland,N92000002,339,39,661,9,4513,9,2512,,,7025,0,,,566,38
2020-10-29,Northern Ireland,N92000002,340,38,674,14,4918,8,2100,,,7018,0,,,822,39
2020-10-28,Northern Ireland,N92000002,342,36,730,9,5540,9,2728,,,8268,0,,,840,37
2020-10-27,Northern Ireland,N92000002,339,41,804,10,5027,13,2291,,,7318,0,,,722,33
2020-10-26,Northern Ireland,N92000002,340,41,872,11,3816,5,3649,,,7465,0,,,727,30
2020-10-25,Northern Ireland,N92000002,337,39,661,6,3204,8,1689,,,4893,0,,,896,27
2020-10-24,Northern Ireland,N92000002,319,48,743,8,5476,6,1978,,,7454,0,,,923,27
2020-10-23,Northern Ireland,N92000002,298,37,856,6,5729,5,2004,,,7733,0,,,1252,25
2020-10-22,Northern Ireland,N92000002,294,45,1060,4,7835,5,1824,,,9659,0,,,1042,23
2020-10-21,Northern Ireland,N92000002,285,29,1107,6,7060,5,2261,,,9321,0,,,1039,26
2020-10-20,Northern Ireland,N92000002,297,48,1049,3,6864,3,2156,,,9020,0,,,913,25
2020-10-19,Northern Ireland,N92000002,279,35,1033,4,4835,6,1845,,,6680,0,,,820,25
2020-10-18,Northern Ireland,N92000002,272,38,779,7,4608,5,1514,,,6122,0,,,1012,23
2020-10-17,Northern Ireland,N92000002,253,36,832,3,8644,2,1988,,,10632,0,,,1031,22
2020-10-16,Northern Ireland,N92000002,232,39,949,2,5903,2,1868,,,7771,0,,,1299,20
2020-10-15,Northern Ireland,N92000002,215,44,1094,4,9019,4,1975,,,10994,0,,,763,17
2020-10-14,Northern Ireland,N92000002,194,28,1071,2,6257,4,2010,,,8267,0,,,1217,17
2020-10-13,Northern Ireland,N92000002,190,31,1082,4,8525,7,2095,,,10620,0,,,863,15
2020-10-12,Northern Ireland,N92000002,181,35,1114,5,4985,3,1529,,,6514,0,,,877,15
2020-10-11,Northern Ireland,N92000002,176,35,835,6,5171,1,1953,,,7124,0,,,1066,12
2020-10-10,Northern Ireland,N92000002,156,21,785,0,8568,0,1793,,,10361,0,,,902,10
2020-10-09,Northern Ireland,N92000002,145,29,858,0,8351,0,1840,,,10191,0,,,1080,10
2020-10-08,Northern Ireland,N92000002,136,24,975,0,8673,1,1962,,,10635,0,,,923,11
2020-10-07,Northern Ireland,N92000002,125,24,1051,1,7833,1,2098,,,9931,0,,,828,11
2020-10-06,Northern Ireland,N92000002,113,28,829,1,7795,1,1999,,,9794,0,,,669,8
2020-10-05,Northern Ireland,N92000002,95,19,733,1,5715,0,1589,,,7304,0,,,616,8
2020-10-04,Northern Ireland,N92000002,83,13,631,0,5916,1,1598,,,7514,0,,,462,7
2020-10-03,Northern Ireland,N92000002,75,16,634,1,3887,1,1787,,,5674,0,,,726,9
2020-10-02,Northern Ireland,N92000002,64,11,714,2,6811,1,1601,,,8412,0,,,934,7
2020-10-01,Northern Ireland,N92000002,65,14,507,1,7257,2,1424,,,8681,0,,,259,7
2020-09-30,Northern Ireland,N92000002,60,12,659,1,4279,1,1763,,,6042,0,,,424,7
2020-09-29,Northern Ireland,N92000002,54,5,409,0,5895,0,2048,,,7943,0,,,320,5
2020-09-28,Northern Ireland,N92000002,54,13,292,1,4087,0,1232,,,5319,0,,,220,6
2020-09-27,Northern Ireland,N92000002,44,7,264,0,4409,0,1315,,,5724,0,,,187,5
2020-09-26,Northern Ireland,N92000002,39,5,269,0,2894,1,1832,,,4726,0,,,319,5
2020-09-25,Northern Ireland,N92000002,36,3,249,1,7170,0,1494,,,8664,0,,,273,5
2020-09-24,Northern Ireland,N92000002,36,4,290,0,5452,0,1958,,,7410,0,,,189,5
2020-09-23,Northern Ireland,N92000002,36,8,217,0,4464,0,1812,,,6276,0,,,220,5
2020-09-22,Northern Ireland,N92000002,32,5,168,0,6017,0,2054,,,8071,0,,,75,4
2020-09-21,Northern Ireland,N92000002,28,7,133,0,3482,2,1013,,,4495,0,,,125,3
2020-09-20,Northern Ireland,N92000002,25,3,121,0,4901,0,1554,,,6455,0,,,176,3
2020-09-19,Northern Ireland,N92000002,22,1,162,2,4089,0,1675,,,5764,0,,,222,3
2020-09-18,Northern Ireland,N92000002,22,2,168,1,7168,2,1956,,,9124,0,,,163,3
2020-09-17,Northern Ireland,N92000002,21,2,181,0,4612,0,1897,,,,0,,,149,3
2020-09-16,Northern Ireland,N92000002,24,5,145,2,4946,2,1716,,,,0,,,129,2
2020-09-15,Northern Ireland,N92000002,21,4,103,1,4988,1,1791,,,,0,,,79,2
2020-09-14,Northern Ireland,N92000002,20,5,118,1,2667,2,1731,,,,0,,,109,1
2020-09-13,Northern Ireland,N92000002,16,3,100,0,4350,0,1162,,,,0,,,87,1
2020-09-12,Northern Ireland,N92000002,13,1,98,0,4603,0,1634,,,,0,,,104,1
2020-09-11,Northern Ireland,N92000002,12,2,76,2,6550,0,2003,,,,0,,,88,1
2020-09-10,Northern Ireland,N92000002,14,3,83,1,6488,1,1654,,,,0,,,78,2
2020-09-09,Northern Ireland,N92000002,13,1,92,0,6329,0,2214,,,,0,,,49,2
2020-09-08,Northern Ireland,N92000002,14,5,52,0,2711,2,1750,,,,0,,,40,1
2020-09-07,Northern Ireland,N92000002,12,0,74,2,1588,1,1257,,,,0,,,141,1
2020-09-06,Northern Ireland,N92000002,12,3,102,0,5452,0,1540,,,,0,,,106,3
2020-09-05,Northern Ireland,N92000002,9,0,87,1,3829,0,1201,,,,0,,,118,3
2020-09-04,Northern Ireland,N92000002,10,2,135,0,4728,1,1577,,,,0,,,61,3
2020-09-03,Northern Ireland,N92000002,8,0,109,2,4792,1,1577,,,,0,,,77,3
2020-09-02,Northern Ireland,N92000002,8,0,94,0,6587,2,1426,,,,0,,,71,3
2020-09-01,Northern Ireland,N92000002,11,2,69,1,4754,0,1299,,,,0,,,49,3
2020-08-31,Northern Ireland,N92000002,15,2,46,0,3177,0,1173,,,,0,,,58,2
2020-08-30,Northern Ireland,N92000002,13,0,36,0,3903,0,1048,,,,0,,,49,2
2020-08-29,Northern Ireland,N92000002,17,0,40,0,3761,0,1087,,,,0,,,89,2
2020-08-28,Northern Ireland,N92000002,17,2,81,1,4657,0,1078,,,,0,,,85,2
2020-08-27,Northern Ireland,N92000002,16,0,85,0,5079,1,1246,,,,0,,,69,1
2020-08-26,Northern Ireland,N92000002,17,0,65,0,5251,0,1728,,,,0,,,72,1
2020-08-25,Northern Ireland,N92000002,20,2,64,1,5154,0,1256,,,,0,,,47,1
2020-08-24,Northern Ireland,N92000002,22,6,48,0,2461,0,910,,,,0,,,10,1
2020-08-23,Northern Ireland,N92000002,17,3,51,0,1638,0,1288,,,,0,,,119,0
2020-08-22,Northern Ireland,N92000002,16,1,44,0,6392,0,1254,,,,0,,,71,0
2020-08-21,Northern Ireland,N92000002,17,0,74,0,4688,0,1193,,,,0,,,20,0
2020-08-20,Northern Ireland,N92000002,20,3,72,0,2248,0,1217,,,,0,,,51,0
2020-08-19,Northern Ireland,N92000002,19,4,47,0,3762,0,1415,,,,0,,,34,0
2020-08-18,Northern Ireland,N92000002,15,2,45,0,2009,1,1079,,,,0,,,41,0
2020-08-17,Northern Ireland,N92000002,15,2,48,0,2654,0,1196,,,,0,,,39,0
2020-08-16,Northern Ireland,N92000002,13,2,20,0,2634,0,706,,,,0,,,27,0
2020-08-15,Northern Ireland,N92000002,13,2,27,1,4393,0,1265,,,,0,,,65,0
2020-08-14,Northern Ireland,N92000002,12,2,58,0,3497,1,2512,,,,0,,,74,1
2020-08-13,Northern Ireland,N92000002,11,2,50,1,4712,0,885,,,,0,,,8,2
2020-08-12,Northern Ireland,N92000002,10,0,44,0,1842,0,337,,,,0,,,29,2
2020-08-11,Northern Ireland,N92000002,11,1,39,0,2572,0,1000,,,,0,,,48,1
2020-08-10,Northern Ireland,N92000002,11,1,47,0,2367,1,1035,,,,0,,,0,1
2020-08-09,Northern Ireland,N92000002,11,1,24,0,,0,,,,,0,,,0,1
2020-08-08,Northern Ireland,N92000002,11,3,30,1,,0,,,,,0,,,0,1
2020-08-07,Northern Ireland,N92000002,9,1,19,0,,0,,,,,0,,,15,1
2020-08-06,Northern Ireland,N92000002,8,1,15,0,2230,0,923,,,,0,,,43,1
2020-08-05,Northern Ireland,N92000002,7,2,31,0,2217,0,1397,,,,0,,,10,1
2020-08-04,Northern Ireland,N92000002,6,0,20,0,571,0,1208,,,,0,,,8,1
2020-08-03,Northern Ireland,N92000002,8,2,15,0,1014,0,1007,,,,0,,,0,1
2020-08-02,Northern Ireland,N92000002,7,0,13,0,,0,,,,,0,,,0,1
2020-08-01,Northern Ireland,N92000002,9,2,12,0,,0,,,,,0,,,0,1
2020-07-31,Northern Ireland,N92000002,8,0,16,0,,0,,,,,0,,,10,1
2020-07-30,Northern Ireland,N92000002,8,1,9,0,717,0,904,,,,0,,,8,1
2020-07-29,Northern Ireland,N92000002,8,1,11,0,725,0,1248,,,,0,,,9,1
2020-07-28,Northern Ireland,N92000002,8,0,9,0,687,0,1000,,,,0,,,9,1
2020-07-27,Northern Ireland,N92000002,8,1,9,0,558,0,989,,,,0,,,0,1
2020-07-26,Northern Ireland,N92000002,7,0,3,0,,0,,,,,0,,,0,2
2020-07-25,Northern Ireland,N92000002,8,1,4,0,,0,,,,,0,,,0,2
2020-07-24,Northern Ireland,N92000002,8,0,13,0,,0,,,,,0,,,15,2
2020-07-23,Northern Ireland,N92000002,9,0,13,0,877,0,1143,,,,0,,,8,2
2020-07-22,Northern Ireland,N92000002,10,2,9,0,731,0,1120,,,,0,,,9,2
2020-07-21,Northern Ireland,N92000002,8,0,11,0,786,0,1043,,,,0,,,2,2
2020-07-20,Northern Ireland,N92000002,8,0,4,0,660,0,919,,,,0,,,0,1
2020-07-19,Northern Ireland,N92000002,9,0,2,0,,0,,,,,0,,,0,1
2020-07-18,Northern Ireland,N92000002,9,0,7,0,,0,,,,,0,,,0,1
2020-07-17,Northern Ireland,N92000002,10,1,9,0,,0,,,,,0,,,19,1
2020-07-16,Northern Ireland,N92000002,10,2,21,0,624,0,1183,,,,0,,,16,1
2020-07-15,Northern Ireland,N92000002,8,0,17,0,402,0,963,,,,0,,,9,1
2020-07-14,Northern Ireland,N92000002,8,0,11,0,350,0,965,,,,0,,,2,1
2020-07-13,Northern Ireland,N92000002,9,1,3,0,189,2,1086,,,,0,,,0,1
2020-07-12,Northern Ireland,N92000002,9,0,3,1,,0,,,,,0,,,0,0
2020-07-11,Northern Ireland,N92000002,9,0,5,0,,0,,,,,0,,,0,0
2020-07-10,Northern Ireland,N92000002,9,0,3,0,,0,,,,,0,,,4,0
2020-07-09,Northern Ireland,N92000002,10,0,4,1,338,0,1204,,,,0,,,3,0
2020-07-08,Northern Ireland,N92000002,11,1,7,0,431,0,1346,,,,0,,,4,0
2020-07-07,Northern Ireland,N92000002,11,0,4,0,115,0,1113,,,,0,,,5,0
2020-07-06,Northern Ireland,N92000002,11,0,7,0,512,0,555,,,,0,,,0,0
2020-07-05,Northern Ireland,N92000002,12,0,0,0,,0,,,,,0,,,0,0
2020-07-04,Northern Ireland,N92000002,12,0,1,0,,0,,,,,0,,,0,0
2020-07-03,Northern Ireland,N92000002,12,0,6,2,,2,,,,,0,,,4,0
2020-07-02,Northern Ireland,N92000002,14,0,4,0,427,1,1081,,,,0,,,7,0
2020-07-01,Northern Ireland,N92000002,14,0,7,1,,0,1202,,,,0,,,1,0
2020-06-30,Northern Ireland,N92000002,16,0,2,0,,0,1164,,,,0,,,3,0
2020-06-29,Northern Ireland,N92000002,20,0,1,1,,1,614,,,,0,,,6,0
2020-06-28,Northern Ireland,N92000002,22,3,5,0,,1,700,,,,0,,,1,0
2020-06-27,Northern Ireland,N92000002,19,0,3,0,,1,1039,,,,0,,,2,0
2020-06-26,Northern Ireland,N92000002,20,1,1,2,,1,971,,,,0,,,4,1
2020-06-25,Northern Ireland,N92000002,21,0,4,1,,0,1142,,,,0,,,1,1
2020-06-24,Northern Ireland,N92000002,25,0,0,0,,1,1408,,,,0,,,2,2
2020-06-23,Northern Ireland,N92000002,26,1,5,1,,1,1288,,,,0,,,0,2
2020-06-22,Northern Ireland,N92000002,26,1,2,1,,0,884,,,,0,,,1,2
2020-06-21,Northern Ireland,N92000002,26,2,1,0,,0,690,,,,0,,,4,2
2020-06-20,Northern Ireland,N92000002,24,0,4,0,,1,1125,,,,0,,,0,2
2020-06-19,Northern Ireland,N92000002,25,2,11,1,,1,1448,,,,0,,,3,2
2020-06-18,Northern Ireland,N92000002,26,0,8,1,,0,1247,,,,0,,,1,2
2020-06-17,Northern Ireland,N92000002,28,0,6,1,,1,1467,,,,0,,,8,2
2020-06-16,Northern Ireland,N92000002,30,0,8,1,,1,1432,,,,0,,,2,3
2020-06-15,Northern Ireland,N92000002,35,0,14,0,,0,952,,,,0,,,4,4
2020-06-14,Northern Ireland,N92000002,35,0,7,0,,0,1005,,,,0,,,7,4
2020-06-13,Northern Ireland,N92000002,35,2,13,1,,2,1189,,,,0,,,3,4
2020-06-12,Northern Ireland,N92000002,36,1,10,1,,1,1354,,,,0,,,16,5
2020-06-11,Northern Ireland,N92000002,40,2,10,2,,1,1330,,,,0,,,4,6
2020-06-10,Northern Ireland,N92000002,42,3,14,0,,0,1690,,,,0,,,13,5
2020-06-09,Northern Ireland,N92000002,42,3,10,0,,0,1242,,,,0,,,3,3
2020-06-08,Northern Ireland,N92000002,47,1,17,0,,0,1004,,,,0,,,6,4
2020-06-07,Northern Ireland,N92000002,47,0,3,0,,0,1338,,,,0,,,6,4
2020-06-06,Northern Ireland,N92000002,48,2,8,0,,1,1165,,,,0,,,14,6
2020-06-05,Northern Ireland,N92000002,51,2,24,1,,1,1536,,,,0,,,3,6
2020-06-04,Northern Ireland,N92000002,53,2,8,0,,1,1500,,,,0,,,33,7
2020-06-03,Northern Ireland,N92000002,59,4,10,2,,8,1856,,,,0,,,8,3
2020-06-02,Northern Ireland,N92000002,63,3,10,2,,2,1294,,,,0,,,4,5
2020-06-01,Northern Ireland,N92000002,67,3,18,1,,1,831,,,,0,,,12,4
2020-05-31,Northern Ireland,N92000002,75,3,27,1,,1,1147,,,,0,,,7,4
2020-05-30,Northern Ireland,N92000002,73,2,12,2,,1,1238,,,,0,,,13,4
2020-05-29,Northern Ireland,N92000002,73,3,21,1,,3,1247,,,,0,,,17,4
2020-05-28,Northern Ireland,N92000002,75,3,25,3,,2,1346,,,,0,,,16,5
2020-05-27,Northern Ireland,N92000002,79,1,25,4,,2,1392,,,,0,,,26,5
2020-05-26,Northern Ireland,N92000002,86,7,29,1,,0,1241,,,,0,,,28,5
2020-05-25,Northern Ireland,N92000002,85,7,34,1,,8,928,,,,0,,,39,5
2020-05-24,Northern Ireland,N92000002,88,1,31,7,,1,1084,,,,0,,,25,4
2020-05-23,Northern Ireland,N92000002,89,3,51,2,,1,1370,,,,0,,,41,5
2020-05-22,Northern Ireland,N92000002,90,1,32,1,,3,1519,,,,0,,,23,4
2020-05-21,Northern Ireland,N92000002,93,2,47,4,,7,1405,,,,0,,,42,6
2020-05-20,Northern Ireland,N92000002,102,3,73,5,,5,1546,,,,0,,,18,5
2020-05-19,Northern Ireland,N92000002,112,5,67,5,,7,1321,,,,0,,,20,7
2020-05-18,Northern Ireland,N92000002,116,3,45,7,,6,960,,,,0,,,16,9
2020-05-17,Northern Ireland,N92000002,116,7,34,7,,3,924,,,,0,,,28,13
2020-05-16,Northern Ireland,N92000002,114,3,32,4,,4,1269,,,,0,,,40,12
2020-05-15,Northern Ireland,N92000002,116,6,54,3,,15,1497,,,,0,,,26,10
2020-05-14,Northern Ireland,N92000002,125,8,65,10,,5,1406,,,,0,,,38,12
2020-05-13,Northern Ireland,N92000002,134,13,79,3,,2,1405,,,,0,,,60,12
2020-05-12,Northern Ireland,N92000002,130,6,90,4,,9,1393,,,,0,,,44,14
2020-05-11,Northern Ireland,N92000002,133,15,81,2,,3,934,,,,0,,,30,13
2020-05-10,Northern Ireland,N92000002,129,10,64,10,,5,1119,,,,0,,,41,16
2020-05-09,Northern Ireland,N92000002,123,8,57,7,,4,1220,,,,0,,,56,19
2020-05-08,Northern Ireland,N92000002,119,4,69,6,,4,1453,,,,0,,,38,23
2020-05-07,Northern Ireland,N92000002,127,7,109,3,,4,1559,,,,0,,,50,22
2020-05-06,Northern Ireland,N92000002,131,7,90,3,,14,1357,,,,0,,,53,22
2020-05-05,Northern Ireland,N92000002,136,7,75,6,,17,1301,,,,0,,,45,21
2020-05-04,Northern Ireland,N92000002,148,6,77,9,,6,1148,,,,0,,,69,21
2020-05-03,Northern Ireland,N92000002,157,7,58,11,,5,1317,,,,0,,,78,21
2020-05-02,Northern Ireland,N92000002,157,6,95,12,,11,1204,,,,0,,,66,23
2020-05-01,Northern Ireland,N92000002,163,15,105,12,,18,1328,,,,0,,,87,22
2020-04-30,Northern Ireland,N92000002,165,19,110,8,,9,1319,,,,0,,,73,25
2020-04-29,Northern Ireland,N92000002,162,13,89,14,,9,1419,,,,0,,,55,26
2020-04-28,Northern Ireland,N92000002,167,8,71,6,,20,983,,,,0,,,34,27
2020-04-27,Northern Ireland,N92000002,169,18,76,13,,10,595,,,,0,,,66,27
2020-04-26,Northern Ireland,N92000002,165,8,47,14,,5,754,,,,0,,,82,27
2020-04-25,Northern Ireland,N92000002,172,12,55,15,,16,874,,,,0,,,104,31
2020-04-24,Northern Ireland,N92000002,169,10,90,11,,15,1132,,,,0,,,106,29
2020-04-23,Northern Ireland,N92000002,176,17,78,16,,13,767,,,,0,,,142,33
2020-04-22,Northern Ireland,N92000002,180,17,112,19,,30,1006,,,,0,,,116,31
2020-04-21,Northern Ireland,N92000002,185,20,141,13,,13,556,,,,0,,,30,34
2020-04-20,Northern Ireland,N92000002,176,29,114,12,,13,,,,,0,,,83,31
2020-04-19,Northern Ireland,N92000002,166,14,47,10,,1,,,,,0,,,159,29
2020-04-18,Northern Ireland,N92000002,162,7,90,10,,17,,,,,0,,,148,33
2020-04-17,Northern Ireland,N92000002,163,24,171,9,,18,,,,,0,,,137,34
2020-04-16,Northern Ireland,N92000002,157,19,141,11,,18,,,,,0,,,113,33
2020-04-15,Northern Ireland,N92000002,149,21,138,16,,6,,,,,0,,,121,36
2020-04-14,Northern Ireland,N92000002,155,20,102,12,,10,,,,,0,,,85,38
2020-04-13,Northern Ireland,N92000002,158,17,108,7,,6,,,,,0,,,76,39
2020-04-12,Northern Ireland,N92000002,157,19,81,16,,11,,,,,0,,,89,46
2020-04-11,Northern Ireland,N92000002,150,19,68,11,,15,,,,,0,,,128,48
2020-04-10,Northern Ireland,N92000002,140,9,100,11,,10,,,,,0,,,112,48
2020-04-09,Northern Ireland,N92000002,147,25,104,18,,4,,,,,0,,,138,44
2020-04-08,Northern Ireland,N92000002,138,21,102,4,,5,,,,,0,,,84,46
2020-04-07,Northern Ireland,N92000002,128,30,134,8,,3,,,,,0,,,97,49
2020-04-06,Northern Ireland,N92000002,109,22,79,6,,7,,,,,0,,,69,44
2020-04-05,Northern Ireland,N92000002,96,8,13,11,,7,,,,,0,,,91,44
2020-04-04,Northern Ireland,N92000002,99,18,29,9,,8,,,,,0,,,94,45
2020-04-03,Northern Ireland,N92000002,89,17,40,10,,12,,,,,0,,,130,46
2020-04-02,Northern Ireland,N92000002,82,16,39,10,,6,,,,,0,,,85,47
2020-04-01,Northern Ireland,N92000002,75,17,25,4,,2,,,,,0,,,103,46
2020-03-31,Northern Ireland,N92000002,60,18,28,5,,6,,,,,0,,,53,32
2020-03-30,Northern Ireland,N92000002,43,10,21,4,,1,,,,,0,,,123,25
2020-03-29,Northern Ireland,N92000002,39,12,13,4,,6,,,,,0,,,86,26
2020-03-28,Northern Ireland,N92000002,32,11,24,8,,2,,,,,0,,,49,19
2020-03-27,Northern Ireland,N92000002,22,9,15,3,,3,,,,,0,,,34,15
2020-03-26,Northern Ireland,N92000002,17,5,6,2,,3,,,,,0,,,32,10
2020-03-25,Northern Ireland,N92000002,13,3,4,4,,2,,,,,0,,,37,10
2020-03-24,Northern Ireland,N92000002,10,3,5,2,,2,,,,,0,,,24,2
2020-03-23,Northern Ireland,N92000002,7,7,7,5,,1,,,,,0,,,20,6
2020-03-22,Northern Ireland,N92000002,0,0,0,1,,0,,,,,0,,,20,
2020-03-21,Northern Ireland,N92000002,0,0,0,1,,1,,,,,0,,,22,
2020-03-20,Northern Ireland,N92000002,0,0,0,0,,0,,,,,0,,,9,
2020-03-19,Northern Ireland,N92000002,0,0,0,1,,1,,,,,,,,9,
2020-03-18,Northern Ireland,N92000002,0,0,0,1,,,,,,,,,,6,
2020-03-17,Northern Ireland,N92000002,1,0,0,,,,,,,,,,,10,
2020-03-16,Northern Ireland,N92000002,3,1,0,,,,,,,,,,,7,
2020-03-15,Northern Ireland,N92000002,2,0,0,,,,,,,,,,,11,
2020-03-14,Northern Ireland,N92000002,2,0,0,,,,,,,,,,,5,
2020-03-13,Northern Ireland,N92000002,2,0,0,,,,,,,,,,,10,
2020-03-12,Northern Ireland,N92000002,3,0,0,,,,,,,,,,,1,
2020-03-11,Northern Ireland,N92000002,3,1,6,,,,,,,,,,,2,
2020-03-10,Northern Ireland,N92000002,2,2,3,,,,,,,,,,,0,
2020-03-09,Northern Ireland,N92000002,,,2,,,,,,,,,,,3,
2020-03-08,Northern Ireland,N92000002,,,1,,,,,,,,,,,5,
2020-03-07,Northern Ireland,N92000002,,,5,,,,,,,,,,,2,
2020-03-06,Northern Ireland,N92000002,,,3,,,,,,,,,,,2,
2020-03-05,Northern Ireland,N92000002,,,1,,,,,,,,,,,,
2020-03-04,Northern Ireland,N92000002,,,0,,,,,,,,,,,,
2020-03-03,Northern Ireland,N92000002,,,2,,,,,,,,,,,,
2020-03-02,Northern Ireland,N92000002,,,0,,,,,,,,,,,,
2020-03-01,Northern Ireland,N92000002,,,0,,,,,,,,,,,,
2020-02-29,Northern Ireland,N92000002,,,0,,,,,,,,,,,,
2020-02-28,Northern Ireland,N92000002,,,0,,,,,,,,,,,,
2020-02-27,Northern Ireland,N92000002,,,0,,,,,,,,,,,,
2020-02-26,Northern Ireland,N92000002,,,1,,,,,,,,,,,,

